"m_Fischer_Christian_Hannchen_1800" "m_Hauff_Bettlerin_1826" "m_Hippel_Lebenslaeufe_1779" "m_Hoelderlin_Hyperions-Jugend_1797" "m_Jacobi_Eduard-Allwill_1792" "m_Klingemann_Nachtwachen_1804" "m_Paul_Siebenkaes_1796" "m_Prevost-dExiles_Manon-Lescaut_1731" "m_Thuemmel_Reise-in-mittaegliche-Provinzen_1791" "m_Wieland_Agathon_1794" "m_Wieland_Peregrinus_1788" "w_La-Roche_Sternheim-Teil-1_1771" "w_La-Roche_Sternheim-Teil-2_1771" "w_Unger_Bekenntnisse_1806" "w_Wobeser_Elisa_1795"
"bloß" 0.00381199252849464 0 0.0501624759440957 0 0.0362830074581738 0.030919069336013 0.141375794886815 0.00164644286020054 0.0166614082789474 0.0167280026764804 0.0626548838079207 0.0181040530448754 0.0108113952105519 0 0.00535489571340598
"nämlich" 0.0114359775854839 0.0109247828699405 0.0116730289932801 0 0.00403144527313042 0.0103063564453377 0.09913203147442 0.0312824143438102 0.00602646682430013 0.00185866696405338 0.00748118015616964 0 0.00720759680703461 0.0202285829877617 0
"selber" 0.00762398505698929 0 0.00220841089062056 0.00832847505621721 0.0282201169119129 0 0.181366557583882 0.00823221430100268 0.00212698829092946 0.00185866696405338 0.00280544255856361 0 0 0.00404571659755234 0.0013387239283515
"ebenso" 0 0.0136559785874256 0.00252389816070922 0.00832847505621721 0.0362830074581738 0 0.0208402566167815 0.0559790572468183 0 0.00123911130936892 0 0.0339450994591414 0.0288303872281385 0 0
"jedoch" 0 0.00273119571748511 0.00126194908035461 0 0 0 0.00732225232481511 0.00164644286020054 0.0191428946183651 0.0030977782734223 0.00280544255856361 0 0 0 0.00401617178505449
"sondern" 0.00381199252849464 0.0273119571748511 0.114206391772092 0 0.048377343277565 0.0541083713380227 0.122788538985361 0.042807514365214 0.0329683185094066 0.0173475583311649 0.045822228456539 0.0452601326121886 0.041443681640449 0.0869829068473753 0.0415004417788964
"worin" 0.00381199252849464 0.00546239143497023 0.00220841089062056 0 0.0201572263656521 0.030919069336013 0.0456232644853865 0.00164644286020054 0.00354498048488243 0.117096018735363 0.072941506522654 0.0384711127203603 0.0342360848334144 0.0627086072620613 0
"heraus" 0.0419319178134411 0.00546239143497023 0.0164053380446099 0.00832847505621721 0.00806289054626083 0.0128829455566721 0.0366112616240756 0.00329288572040107 0.0177249024244122 0.00247822261873784 0.00841632767569084 0 0.00360379840351731 0.0101142914938809 0.00401617178505449
"versetzte" 0.00381199252849464 0 0.00189292362053191 0.0333139002248688 0 0 0.0292890092992605 0.0115251000214038 0.013116427794065 0.0111520017843203 0.0149623603123393 0.00226300663060943 0.00360379840351731 0.00404571659755234 0
"zwei" 0.053367895398925 0.0300431528923363 0.0530018613748935 0.0166569501124344 0.048377343277565 0.0386488366700162 0.11659278701821 0.0954936858916311 0.0482117345944011 0.0111520017843203 0.0355356057418058 0.0271560795673131 0.0198208912193452 0.0424800242742996 0.0481940614206538
"indes" 0 0 0 0.0749562755059549 0 0 0.0298522594780924 0 0 0.00805422351089798 0 0 0.00180189920175865 0 0
"hab" 0.0152479701139786 0.0136559785874256 0.0624664794775531 0.0249854251686516 0.0362830074581738 0.00515317822266883 0.0371745118029075 0 0.00354498048488243 0.00433688958279122 0.000935147519521204 0.047523139242798 0.00360379840351731 0.0404571659755234 0
"womit" 0 0.0163871743049107 0.0179827743950532 0.0749562755059549 0.0120943358193913 0.00515317822266883 0.0343582609087478 0.00658577144080215 0.00425397658185892 0.0867377916558244 0.0701360639640903 0.0226300663060943 0.0234246896228625 0.0343885910791949 0.00401617178505449
"drei" 0.0266839476994625 0.0218495657398809 0.0564722213458687 0.00832847505621721 0.0403144527313042 0.0566849604493571 0.0518190164525377 0.0559790572468183 0.0326138204609184 0.0117715574390047 0.0271192780661149 0.0294190861979226 0.0162170928158279 0.024274299585314 0.010709791426812
"oben" 0.0152479701139786 0.0163871743049107 0.0148279016941666 0.00832847505621721 0 0.0360722475586818 0.0343582609087478 0 0.00531747072732365 0.00185866696405338 0.00374059007808482 0.00452601326121886 0.00180189920175865 0.00809143319510468 0
"mensch" 0.0304959402279572 0.0218495657398809 0.0927532574060637 0.0749562755059549 0.10078613182826 0.113369920898714 0.0456232644853865 0.0197573143224064 0.0159524121819709 0.0297386714248541 0.0355356057418058 0.0226300663060943 0.00360379840351731 0.024274299585314 0.0227583067819754
"teufel" 0.0152479701139786 0.0109247828699405 0.0214531343660283 0 0.00403144527313042 0.136559222900724 0.0371745118029075 0 0.010280443406159 0.00061955565468446 0.00280544255856361 0.00452601326121886 0.00360379840351731 0 0.00401617178505449
"wasser" 0.0343079327564518 0.00273119571748511 0.0369120106003723 0.00832847505621721 0.00403144527313042 0.0103063564453377 0.0230932573321092 0 0.00957144730918256 0.00805422351089798 0.00935147519521204 0.0113150331530471 0.0108113952105519 0.00202285829877617 0.00267744785670299
"lust" 0.0114359775854839 0.00546239143497023 0.0164053380446099 0 0.0322515621850433 0.0257658911133442 0.0118282537554706 0.0164644286020054 0.00992594535767081 0.00805422351089798 0.0168326553513817 0.00452601326121886 0 0.012137149792657 0.00267744785670299
"wiewohl" 0.00762398505698929 0.00273119571748511 0.0126194908035461 0.00832847505621721 0.00403144527313042 0.00257658911133442 0.0146445046496302 0 0.000708996096976486 0.0136302244030581 0.10099593210829 0.00452601326121886 0.0180189920175865 0.0262971578840902 0.0013387239283515
"desto" 0.0266839476994625 0.0109247828699405 0.021768621636117 0.00832847505621721 0.0120943358193913 0.00515317822266883 0.0123915039343025 0.00493932858060161 0.0428942638670774 0.0898355699292467 0.0448870809370178 0.00678901989182828 0.0162170928158279 0.0364114493779711 0.0147259632118664
"herum" 0.0228719551709679 0 0.00883364356248225 0.00832847505621721 0.0282201169119129 0.0257658911133442 0.0180240057226218 0.00329288572040107 0.0141799219395297 0.00371733392810676 0.00654603263664843 0.00452601326121886 0.00540569760527596 0 0
"worauf" 0 0 0.00599425813168439 0.00832847505621721 0.00806289054626083 0.0154595346680065 0.0129547541131344 0.0131715428816043 0.00319048243639419 0.00681511220152906 0.0168326553513817 0.00226300663060943 0.00180189920175865 0.00606857489632851 0.0013387239283515
"damit" 0.0419319178134411 0.024580761457366 0.0523708868347162 0.041642375281086 0.0685345696432171 0.0850274406740357 0.0737857734269831 0.0625648286876204 0.0492752287398658 0.0247822261873784 0.0439519334174966 0.0497861458734074 0.0378398832369317 0.0384343076767472 0.0174034110685694
"erstlich" 0 0 0.000315487270088652 0 0 0 0.00957525304014284 0 0.000354498048488243 0 0 0 0 0 0
"wäre" 0.125795753440323 0.0928606543944939 0.148909991481844 0.274839676855168 0.19350937311026 0.0644147277833604 0.0681532716386637 0.12183677165484 0.107058410643449 0.109661350879149 0.117828587459672 0.169725497295707 0.142350036938934 0.113280064731466 0.108436638196471
"darin" 0.0152479701139786 0.0136559785874256 0.0119885162633688 0 0.0241886716387825 0.0438020148926851 0.0467497648430503 0.0345753000642113 0.0148889180365062 0.0210648922592717 0.0168326553513817 0.0429971259815791 0.041443681640449 0.0445028825730758 0.00669361964175748
"ungemein" 0 0.0136559785874256 0.00126194908035461 0 0.00403144527313042 0 0.00619575196715125 0 0.00177249024244122 0.00185866696405338 0.00467573759760602 0.00452601326121886 0.00180189920175865 0.00404571659755234 0
"geld" 0.0343079327564518 0.0191183700223958 0.0277628797678014 0 0.0120943358193913 0 0.0270360085839327 0.0773828144294252 0.0049629726788354 0.00061955565468446 0.00280544255856361 0.015841046414266 0.0234246896228625 0.00202285829877617 0.0281132024953814
"dergleichen" 0.00762398505698929 0.0273119571748511 0.0277628797678014 0 0.048377343277565 0.0463786040040195 0.016334255186126 0.00164644286020054 0.013116427794065 0.0105324461296358 0.0102866227147332 0 0.00720759680703461 0.0161828663902094 0.0013387239283515
"b" 0.0114359775854839 0.0136559785874256 0.0104110799129255 0 0.0120943358193913 0.0489551931153539 0.0214035067956134 0.0279895286234091 0.00106349414546473 0 0.00187029503904241 0.0248930729367037 0.0180189920175865 0.0101142914938809 0.137888564620204
"z" 0 0.00273119571748511 0.0104110799129255 0 0.00403144527313042 0.0489551931153539 0.0191505060802857 0 0.00106349414546473 0 0.00187029503904241 0 0.00720759680703461 0.0424800242742996 0
"wollt" 0.0190599626424732 0.00819358715245535 0.0265009306874468 0.041642375281086 0.00403144527313042 0.0103063564453377 0.0191505060802857 0.00164644286020054 0.00177249024244122 0.00433688958279122 0 0.0113150331530471 0.00180189920175865 0 0.00535489571340598
"wein" 0.0228719551709679 0.0273119571748511 0.021768621636117 0 0 0 0.00732225232481511 0 0.0159524121819709 0.00495644523747568 0.00467573759760602 0 0 0 0.00267744785670299
"wolte" 0 0 0 0 0 0 0 0 0 0 0 0 0 0 0
"ferner" 0 0.00273119571748511 0.00157743635044326 0.00832847505621721 0.00806289054626083 0.00257658911133442 0.0185872559014537 0.00329288572040107 0.00212698829092946 0.00123911130936892 0.000935147519521204 0 0 0 0.0013387239283515
"sachen" 0.00762398505698929 0 0.0160898507745212 0 0.0201572263656521 0.00515317822266883 0.0157710050072941 0 0.0024814863394177 0.0117715574390047 0.00935147519521204 0.015841046414266 0.0216227904211038 0.00809143319510468 0.00669361964175748
"also" 0.0495559028704304 0.0546239143497023 0.0589961195065779 0 0.048377343277565 0.0103063564453377 0.0405540128758991 0.0740899287090242 0.0241058672972005 0.127008909210314 0.100060784588769 0.0611011790264545 0.052255076851001 0.0546171740669566 0.0843396074861442
"hierauf" 0 0 0.00126194908035461 0 0.00806289054626083 0.00257658911133442 0 0 0.000354498048488243 0.00433688958279122 0.0130920652732969 0.0113150331530471 0.00900949600879327 0.0101142914938809 0.010709791426812
"solte" 0 0 0 0 0 0 0 0 0 0 0 0 0 0 0
"hatt" 0 0 0.0126194908035461 0.0333139002248688 0 0 0.0354847612664117 0 0.00212698829092946 0 0 0.00226300663060943 0 0 0
"vergnügen" 0.0266839476994625 0.0136559785874256 0.00883364356248225 0 0 0.00515317822266883 0.0123915039343025 0.0362217429244118 0.0205608868123181 0.101607127368251 0.0215083929489877 0.0814682387019394 0.117123448114312 0.0404571659755234 0.0615813007041688
"leser" 0 0.00273119571748511 0.0492160141338297 0 0.0161257810925217 0 0.0309787598357562 0.00823221430100268 0.00531747072732365 0.030977782734223 0.00561088511712723 0.00226300663060943 0 0.00809143319510468 0.0013387239283515
"hinein" 0.0304959402279572 0.00546239143497023 0.00347035997097517 0.0249854251686516 0.00403144527313042 0.0231893020020097 0.0236565075109411 0.00823221430100268 0.00567196877581189 0.00123911130936892 0.00841632767569084 0.00452601326121886 0 0 0.00803234357010897
"solche" 0 0.0682798929371279 0.0214531343660283 0.0166569501124344 0.0403144527313042 0.0231893020020097 0.0597045189561848 0.0345753000642113 0.0244603653456888 0.0334560053529609 0.0327301631832422 0.00678901989182828 0.0198208912193452 0.0485485991706281 0.013387239283515
"daraus" 0.00381199252849464 0.00546239143497023 0.00567877086159573 0 0.00403144527313042 0.0206127128906753 0.016334255186126 0.0164644286020054 0.00673546292127662 0.0111520017843203 0.0177678028709029 0.015841046414266 0.00900949600879327 0.0141600080914332 0.0013387239283515
"konte" 0 0 0 0 0 0 0 0 0 0 0 0 0 0 0
"unten" 0.0114359775854839 0 0.00599425813168439 0.00832847505621721 0.00806289054626083 0.0592615495606916 0.0304155096569243 0.00164644286020054 0.00106349414546473 0.00185866696405338 0 0 0.00180189920175865 0 0
"hätt" 0.00762398505698929 0 0.036281036060195 0.041642375281086 0.00806289054626083 0 0.0219667569744453 0 0.00319048243639419 0 0 0.00226300663060943 0 0.00202285829877617 0
"vorher" 0.0152479701139786 0.0109247828699405 0.00441682178124113 0 0.00403144527313042 0.0103063564453377 0.0275992587627647 0.0164644286020054 0.0155979141334827 0.0136302244030581 0.00841632767569084 0.015841046414266 0.0108113952105519 0.0303428744816426 0
"überhaupt" 0.00381199252849464 0.00546239143497023 0.0123040035334574 0.00832847505621721 0.0161257810925217 0.0334956584473474 0.0388642623394033 0.0312824143438102 0.00212698829092946 0.0105324461296358 0.0149623603123393 0.00452601326121886 0.0198208912193452 0.0161828663902094 0
"inzwischen" 0 0 0.00126194908035461 0 0 0 0.0135180042919664 0.0131715428816043 0.00602646682430013 0.0130106687483737 0.00748118015616964 0.00226300663060943 0 0 0.0013387239283515
"land" 0 0.00819358715245535 0.0195602107454964 0.0166569501124344 0.00806289054626083 0.00257658911133442 0.0112650035766386 0.00658577144080215 0.0134709258425532 0.00557600089216014 0.00374059007808482 0.015841046414266 0.00540569760527596 0.0101142914938809 0.00669361964175748
"erwiderte" 0.00381199252849464 0.106516632981919 0.000315487270088652 0.0166569501124344 0.00806289054626083 0.00257658911133442 0.0016897505364958 0.0279895286234091 0 0.0111520017843203 0 0.00452601326121886 0.00360379840351731 0 0
"wurde" 0.160103686196775 0.0819358715245534 0.0182982616651418 0.00832847505621721 0.0120943358193913 0.0876040297853701 0.0951892802225965 0.0922008001712301 0.0301323341215007 0.157367136289853 0.166456258474774 0.138043404467175 0.169378524965313 0.19014868008496 0.0830008835577927
"kan" 0 0 0 0 0 0 0 0 0 0 0 0 0 0 0
"nachdem" 0.0114359775854839 0.0163871743049107 0.0337571378994858 0 0.0120943358193913 0.0103063564453377 0.00394275125182352 0.0707970429886231 0.0138254238910415 0.0532817863028636 0.0476925234955814 0.0203670596754848 0.0270284880263798 0.0505714574694043 0.0522102332057083
"essen" 0.0495559028704304 0 0.0302867779285106 0 0.00806289054626083 0 0.0197137562591176 0.0131715428816043 0.00425397658185892 0.00185866696405338 0.00280544255856361 0.0113150331530471 0.00720759680703461 0.00202285829877617 0.00803234357010897
"stube" 0.0228719551709679 0 0.00126194908035461 0 0 0.00257658911133442 0.0535087669890335 0 0.00850795316371783 0 0 0.00452601326121886 0.00540569760527596 0 0.00937106749846047
"begab" 0.00381199252849464 0 0.000946461810265956 0 0.0120943358193913 0 0.00112650035766386 0.00823221430100268 0.000708996096976486 0.00557600089216014 0.0121569177537757 0 0.00540569760527596 0.00202285829877617 0.00267744785670299
"etwa" 0.00762398505698929 0.024580761457366 0.0078871817522163 0 0.0201572263656521 0.0231893020020097 0.00844875268247898 0.0131715428816043 0.0194973926668534 0 0.0121569177537757 0 0 0.00404571659755234 0.00401617178505449
"lief" 0.0266839476994625 0 0.00694071994195034 0.00832847505621721 0.00403144527313042 0.0103063564453377 0.0202770064379495 0.00658577144080215 0.0074444590182531 0.00123911130936892 0.00374059007808482 0.00226300663060943 0.00720759680703461 0.00202285829877617 0.00267744785670299
"menschen" 0.00762398505698929 0.0737422843720981 0.119569675363599 0.233197301574082 0.141100584559565 0.105640153564711 0.108707284514563 0.0790292572896258 0.0340318126548713 0.0985093490948292 0.187964651423762 0.0678901989182828 0.0432455808422077 0.0849600485485992 0.132533668906798
"herunter" 0.0343079327564518 0.00273119571748511 0.00220841089062056 0.0166569501124344 0 0.00515317822266883 0.0101385032189748 0 0.00602646682430013 0.00061955565468446 0.00187029503904241 0 0 0 0
"obwohl" 0 0 0 0 0 0 0.0140812544707983 0.00164644286020054 0 0 0 0.00452601326121886 0 0 0
"demnach" 0 0 0 0 0.0120943358193913 0 0.00394275125182352 0 0.000354498048488243 0.00061955565468446 0.000935147519521204 0 0 0.00404571659755234 0
"meister" 0.0190599626424732 0.00546239143497023 0.0116730289932801 0.00832847505621721 0.00403144527313042 0.0103063564453377 0.00675900214598318 0 0.00460847463034716 0.0111520017843203 0.00935147519521204 0 0.00180189920175865 0.0141600080914332 0.00803234357010897
"zwar" 0.00381199252849464 0.0273119571748511 0.064359403098085 0.0249854251686516 0.00403144527313042 0.0438020148926851 0.0478762652007142 0.0279895286234091 0.0638096487278837 0.039032006245121 0.0374059007808482 0.00452601326121886 0.00900949600879327 0.0364114493779711 0.0548876810624113
"ausgenommen" 0 0 0.00599425813168439 0 0.00806289054626083 0 0.0118282537554706 0 0.00319048243639419 0.0111520017843203 0.00654603263664843 0.00226300663060943 0.00540569760527596 0.00809143319510468 0.0013387239283515
"viele" 0.00381199252849464 0.0273119571748511 0.042590781461968 0 0.0322515621850433 0.0360722475586818 0.0529455168102016 0.0148179857418048 0.0358043028973125 0.0359342279716987 0.0271192780661149 0.0565751657652357 0.0774816656756221 0.024274299585314 0.0441778896355993
"zumal" 0.00762398505698929 0 0 0 0 0.00257658911133442 0.016334255186126 0 0.00354498048488243 0.0061955565468446 0.0158975078318605 0.00678901989182828 0.00540569760527596 0 0
"könte" 0 0 0 0 0 0 0 0 0 0 0 0 0 0 0
"statt" 0 0.0109247828699405 0.00599425813168439 0 0.00806289054626083 0.0438020148926851 0.0444967641277226 0.00658577144080215 0.0265873536366182 0.00371733392810676 0.00935147519521204 0.00452601326121886 0 0.0303428744816426 0.00669361964175748
"gleichsam" 0 0.00819358715245535 0.000315487270088652 0 0 0.0386488366700162 0.0512557662737058 0 0.00389947853337067 0.0030977782734223 0.00467573759760602 0.00452601326121886 0.00180189920175865 0.00404571659755234 0
"gantz" 0 0 0 0 0 0 0 0 0 0 0 0 0 0 0
"leib" 0.0152479701139786 0.0109247828699405 0.0413288323816134 0 0.00806289054626083 0.00515317822266883 0.00844875268247898 0 0.00354498048488243 0.0105324461296358 0.00748118015616964 0.00905202652243771 0.00180189920175865 0 0.00401617178505449
"uhr" 0.0609918804559143 0.0273119571748511 0.00694071994195034 0 0.0120943358193913 0.00772976733400325 0.0433702637700587 0.0263430857632086 0.0155979141334827 0 0 0.0113150331530471 0.00180189920175865 0.00404571659755234 0.0267744785670299
"wolten" 0 0 0 0 0 0 0 0 0 0 0 0 0 0 0
"ers" 0 0 0.00189292362053191 0 0 0 0.0219667569744453 0 0 0.00185866696405338 0 0 0 0 0
"mund" 0.0190599626424732 0.0546239143497023 0.0173517998548759 0 0.0161257810925217 0.0206127128906753 0.0152077548284622 0.0131715428816043 0.0138254238910415 0.0061955565468446 0.00654603263664843 0.00678901989182828 0.00540569760527596 0.00202285829877617 0.013387239283515
"hinter" 0.0457439103419357 0.0273119571748511 0.00599425813168439 0.00832847505621721 0.0161257810925217 0.0721444951173636 0.0546352673466974 0.0131715428816043 0.0411217736246362 0.00681511220152906 0.0168326553513817 0.00452601326121886 0.0108113952105519 0.012137149792657 0.00401617178505449
"solches" 0 0.00819358715245535 0.00189292362053191 0 0.00403144527313042 0.00257658911133442 0.0123915039343025 0.00493932858060161 0.00389947853337067 0.00557600089216014 0.00280544255856361 0 0.00540569760527596 0.00809143319510468 0
"ohren" 0 0.00546239143497023 0.00567877086159573 0 0.00806289054626083 0.00515317822266883 0.0118282537554706 0.00164644286020054 0.0226878751032476 0.0130106687483737 0.00561088511712723 0 0 0 0.0013387239283515
"muste" 0 0 0 0 0 0 0 0 0 0 0 0 0 0 0
"beständig" 0.00762398505698929 0 0.00914913083257091 0 0.0201572263656521 0.00515317822266883 0.0016897505364958 0 0.000354498048488243 0.00185866696405338 0.00280544255856361 0.00678901989182828 0.00360379840351731 0.0101142914938809 0.00937106749846047
"nase" 0.0152479701139786 0.0191183700223958 0.0126194908035461 0 0.0161257810925217 0.0154595346680065 0.00901200286131091 0 0.0109894395031355 0.00185866696405338 0.00187029503904241 0.00226300663060943 0 0.00404571659755234 0
"entweder" 0.00381199252849464 0.0109247828699405 0.00820266902230495 0 0.00403144527313042 0.0103063564453377 0.0146445046496302 0.00493932858060161 0.0074444590182531 0.0185866696405338 0.0149623603123393 0.00905202652243771 0.00540569760527596 0.012137149792657 0.00803234357010897
"gold" 0 0.0136559785874256 0.00725620721203899 0 0 0.00257658911133442 0.00844875268247898 0.00329288572040107 0.00460847463034716 0.00123911130936892 0.00748118015616964 0.0113150331530471 0.00720759680703461 0.00202285829877617 0
"angesicht" 0 0.00546239143497023 0.0085181562923936 0 0.0201572263656521 0 0.0236565075109411 0 0.00141799219395297 0.00061955565468446 0 0 0 0 0
"wären" 0.0152479701139786 0.00273119571748511 0.0343881124396631 0.041642375281086 0.0120943358193913 0.00772976733400325 0.0208402566167815 0.0181108714622059 0.027650847782083 0.0216844479139561 0.0215083929489877 0.0203670596754848 0.0270284880263798 0.0283200161828664 0.0174034110685694
"anderen" 0 0.00546239143497023 0 0 0 0.0154595346680065 0.00225300071532773 0.0625648286876204 0.000354498048488243 0.00123911130936892 0 0 0.00180189920175865 0.0890057651461515 0.0013387239283515
"ordentlich" 0.0114359775854839 0.00546239143497023 0.00599425813168439 0 0.0120943358193913 0.00257658911133442 0.0287257591204285 0 0 0 0.000935147519521204 0.00226300663060943 0.00180189920175865 0 0.00401617178505449
"leute" 0.00381199252849464 0.0191183700223958 0.0728775593904786 0 0.0725660149163475 0.0128829455566721 0.0366112616240756 0.0312824143438102 0.00992594535767081 0.0483253410653879 0.0233786879880301 0.0837312453325488 0.0540569760527596 0.00606857489632851 0.0120485153551635
"etc" 0 0.00546239143497023 0.00252389816070922 0 0 0 0.0157710050072941 0 0.00531747072732365 0 0 0 0.00180189920175865 0 0
"gar" 0.121983760911829 0.0764734800895832 0.0312332397387765 0.041642375281086 0.10078613182826 0.144288990234727 0.103074782726244 0.0625648286876204 0.051047718982307 0.0508035636841257 0.0467573759760602 0.0226300663060943 0.0342360848334144 0.0890057651461515 0.0147259632118664
"ichs" 0 0 0.00252389816070922 0.0166569501124344 0 0.0103063564453377 0.0208402566167815 0.00164644286020054 0.00177249024244122 0.00123911130936892 0.000935147519521204 0 0 0 0
"kopfe" 0.0114359775854839 0.00273119571748511 0.00473230905132978 0 0.00806289054626083 0.0334956584473474 0.0202770064379495 0.00164644286020054 0.0120529336486003 0.00061955565468446 0.0102866227147332 0.00452601326121886 0.00720759680703461 0.00202285829877617 0.00267744785670299
"hinauf" 0.0228719551709679 0.00546239143497023 0.00441682178124113 0.00832847505621721 0.0120943358193913 0.0283424802246786 0.0208402566167815 0.00329288572040107 0.00425397658185892 0.00123911130936892 0.00467573759760602 0.00452601326121886 0 0 0.0013387239283515
"konnt" 0 0.00273119571748511 0.0151433889642553 0.0249854251686516 0.00403144527313042 0 0.0236565075109411 0 0.000354498048488243 0.00185866696405338 0.000935147519521204 0 0 0.00404571659755234 0
"feuer" 0.0266839476994625 0.0136559785874256 0.0195602107454964 0.0333139002248688 0.0120943358193913 0.0154595346680065 0.016897505364958 0 0.0163069102304592 0.00867377916558244 0.0280544255856361 0.015841046414266 0.0126132944123106 0.00404571659755234 0.013387239283515
"nieder" 0.0266839476994625 0.0300431528923363 0.00473230905132978 0.00832847505621721 0 0.0103063564453377 0.0180240057226218 0.00164644286020054 0.00567196877581189 0.0030977782734223 0.00748118015616964 0.00226300663060943 0.00360379840351731 0.00606857489632851 0.0214195828536239
"volk" 0 0.00273119571748511 0.0104110799129255 0.0249854251686516 0 0.0103063564453377 0.00450600143065545 0.00164644286020054 0.00638096487278838 0.0297386714248541 0.0121569177537757 0 0.00360379840351731 0.00809143319510468 0
"deswegen" 0 0 0 0.00832847505621721 0.0241886716387825 0.00257658911133442 0.00506925160948739 0.00493932858060161 0 0.00743466785621352 0 0.0135780397836566 0.0180189920175865 0.0161828663902094 0.0013387239283515
"sitzen" 0.0190599626424732 0.00546239143497023 0.00662523267186169 0 0.0161257810925217 0.00257658911133442 0.0225300071532773 0 0.00779895706674135 0.00185866696405338 0.00187029503904241 0.00905202652243771 0.00900949600879327 0 0.00669361964175748
"etliche" 0 0 0.00189292362053191 0 0 0 0.0016897505364958 0 0 0.0192062252952183 0.00561088511712723 0.00905202652243771 0.0198208912193452 0 0
"herab" 0 0.0109247828699405 0.00410133451115248 0 0.0120943358193913 0.0128829455566721 0.0191505060802857 0.00493932858060161 0.0127619297455768 0.00557600089216014 0.00748118015616964 0 0.00180189920175865 0.00202285829877617 0.0013387239283515
"dritte" 0 0.00273119571748511 0.00504779632141843 0 0 0.00772976733400325 0.00844875268247898 0.00329288572040107 0.00460847463034716 0.00061955565468446 0.00561088511712723 0.00226300663060943 0.00180189920175865 0.00606857489632851 0.00267744785670299
"ließ" 0.0952998132123661 0.071011088654613 0.0605735558570212 0.041642375281086 0.0322515621850433 0.0438020148926851 0.0405540128758991 0.0938472430314306 0.0538837033702129 0.0563795645762859 0.0944498994716416 0.0520491525040168 0.0360379840351731 0.0465257408718519 0.0562264049907628
"biß" 0 0 0.000315487270088652 0 0.00403144527313042 0 0.000563250178831932 0 0 0 0 0 0 0 0
"hingegen" 0 0 0.000630974540177304 0 0 0.00772976733400325 0.0197137562591176 0 0.00921694926069432 0.0142497800577426 0.0149623603123393 0.00678901989182828 0.0162170928158279 0.0404571659755234 0.0013387239283515
"wuste" 0 0 0 0 0 0 0 0 0.000354498048488243 0 0 0 0 0 0
"sofort" 0 0 0.000315487270088652 0 0 0 0.00337950107299159 0.126776100235441 0.000708996096976486 0 0 0 0.00180189920175865 0 0
"euch" 0.0228719551709679 0.0518927186322172 0.0678297630690602 0.0582993253935204 0.112880467647652 0.0953337971193734 0.0191505060802857 0.00164644286020054 0.0489207306913775 0.0291191157701696 0.0168326553513817 0.0113150331530471 0.00540569760527596 0 0.0896945031995502
"derowegen" 0 0 0 0 0 0 0.000563250178831932 0 0 0 0 0 0 0 0
"setzt" 0.00381199252849464 0.0109247828699405 0.0104110799129255 0 0.00403144527313042 0 0.00957525304014284 0.00164644286020054 0.00992594535767081 0.00929333482026691 0.00280544255856361 0.00905202652243771 0.00360379840351731 0.00809143319510468 0.0120485153551635
"haupt" 0 0.0163871743049107 0.0148279016941666 0.00832847505621721 0.0161257810925217 0.030919069336013 0.0101385032189748 0.00164644286020054 0.00460847463034716 0.00805422351089798 0.00561088511712723 0 0.00360379840351731 0.00202285829877617 0.0013387239283515
"h" 0 0.00819358715245535 0.00126194908035461 0 0 0 0.0208402566167815 0 0.000708996096976486 0 0 0.0339450994591414 0.00180189920175865 0.0141600080914332 0.0441778896355993
"leibe" 0.0343079327564518 0 0.00757169448212765 0 0 0.00772976733400325 0.00619575196715125 0.00164644286020054 0.00354498048488243 0.00185866696405338 0.00187029503904241 0 0 0 0
"sagt" 0.00762398505698929 0.0163871743049107 0.0782408429819857 0.0749562755059549 0.0443458980044346 0.0154595346680065 0.0692797719963276 0.00658577144080215 0.0127619297455768 0.00991289047495137 0.0158975078318605 0.0452601326121886 0.0126132944123106 0.00606857489632851 0.0240970307103269
"stück" 0 0 0.021768621636117 0 0.00403144527313042 0.0128829455566721 0.00563250178831932 0 0.0074444590182531 0.0105324461296358 0.000935147519521204 0.0181040530448754 0.0216227904211038 0 0.00535489571340598
"zweite" 0.0114359775854839 0.00273119571748511 0.00536328359150708 0 0 0.0283424802246786 0.0264727584051008 0.00164644286020054 0.00638096487278838 0.00371733392810676 0.00841632767569084 0.0113150331530471 0.00540569760527596 0.00809143319510468 0.00535489571340598
"gesagt" 0.0571798879274197 0.0355055443273065 0.0375429851405496 0.0166569501124344 0.0241886716387825 0.00515317822266883 0.0174607555437899 0.0296359714836097 0.0113439375516238 0.0260213374967473 0.0215083929489877 0.0203670596754848 0.0270284880263798 0.00809143319510468 0.0307906503520844
"zugleich" 0.00762398505698929 0.00546239143497023 0.00725620721203899 0 0.0282201169119129 0.0438020148926851 0.0394275125182352 0.00987865716120322 0.0333228165578948 0.014869335712427 0.0243138355075513 0.0339450994591414 0.0306322864298971 0.0424800242742996 0.013387239283515
"schiffe" 0.00381199252849464 0.00273119571748511 0.000630974540177304 0.00832847505621721 0 0 0.00112650035766386 0.00164644286020054 0.00389947853337067 0.00371733392810676 0.00187029503904241 0 0 0 0
"sogar" 0.00381199252849464 0.0764734800895832 0.0129349780736347 0 0.0282201169119129 0.0206127128906753 0.0557617677043612 0.0559790572468183 0.0311958282669654 0.00495644523747568 0.0448870809370178 0.015841046414266 0.0144151936140692 0.0222514412865379 0.00267744785670299
"reden" 0 0.0163871743049107 0.0258699561472695 0 0.0161257810925217 0.0334956584473474 0.0259095082262689 0.0131715428816043 0.00921694926069432 0.0359342279716987 0.0327301631832422 0.0882572585937677 0.102708254500243 0.0101142914938809 0.00535489571340598
"imstande" 0 0 0 0 0.0120943358193913 0 0.0101385032189748 0.00823221430100268 0 0 0 0 0 0 0
"mithin" 0 0 0.00410133451115248 0 0 0 0.0101385032189748 0 0.000354498048488243 0 0.000935147519521204 0 0 0 0.0013387239283515
"kopf" 0.0304959402279572 0.0163871743049107 0.0466921159731205 0 0.0362830074581738 0.0695679060060292 0.057451518240857 0.0197573143224064 0.0361588009458008 0.014869335712427 0.0196380979099453 0.0497861458734074 0.0450474800439663 0.00606857489632851 0.0187421349969209
"ten" 0.00381199252849464 0 0.000630974540177304 0 0 0 0.0225300071532773 0 0.011698435600112 0 0.00280544255856361 0 0 0 0
"rücken" 0.0190599626424732 0.00273119571748511 0.00441682178124113 0 0.00403144527313042 0 0.0157710050072941 0.00493932858060161 0.00921694926069432 0.00185866696405338 0.00467573759760602 0.00226300663060943 0 0.00809143319510468 0
"darzu" 0.00381199252849464 0 0 0 0 0 0 0 0.000354498048488243 0.00061955565468446 0 0 0 0 0
"sechs" 0.0190599626424732 0.0218495657398809 0.0129349780736347 0.00832847505621721 0.0161257810925217 0.00257658911133442 0.0112650035766386 0.0411610715050134 0.010280443406159 0.00185866696405338 0.00841632767569084 0.0113150331530471 0.00540569760527596 0.00404571659755234 0.0174034110685694
"werk" 0 0.00273119571748511 0.0126194908035461 0 0.0120943358193913 0 0.00732225232481511 0.0115251000214038 0.00708996096976486 0.0167280026764804 0.0130920652732969 0 0.0126132944123106 0.012137149792657 0.00535489571340598
"gesetzt" 0 0.00819358715245535 0.00630974540177304 0 0.00806289054626083 0.00257658911133442 0.0140812544707983 0.00493932858060161 0.0226878751032476 0.0501840080294413 0.0271192780661149 0.0181040530448754 0.0108113952105519 0.0303428744816426 0.00803234357010897
"geheimnis" 0 0.024580761457366 0.000315487270088652 0 0.00806289054626083 0 0.00619575196715125 0.00823221430100268 0 0.0179671139858493 0.00187029503904241 0 0.00540569760527596 0 0
"grösten" 0 0 0 0 0 0 0 0 0 0 0 0 0 0 0
"allerdings" 0 0.00819358715245535 0.00220841089062056 0 0 0.00772976733400325 0.00901200286131091 0.0131715428816043 0.000354498048488243 0.00929333482026691 0.0112217702342545 0 0 0.00202285829877617 0
"schlug" 0.0686158655129036 0.024580761457366 0.0157743635044326 0.0166569501124344 0.0120943358193913 0.0103063564453377 0.0236565075109411 0.0181108714622059 0.0226878751032476 0.00247822261873784 0.00467573759760602 0.00905202652243771 0.00720759680703461 0.012137149792657 0.0267744785670299
"solcher" 0 0.0218495657398809 0.00536328359150708 0.0249854251686516 0.0120943358193913 0.0103063564453377 0.0242197576897731 0.0115251000214038 0.0113439375516238 0.0117715574390047 0.0121569177537757 0.00226300663060943 0.00360379840351731 0.012137149792657 0.0013387239283515
"samt" 0 0.00273119571748511 0 0 0 0.00257658911133442 0.0129547541131344 0 0 0 0 0.00226300663060943 0.00540569760527596 0 0
"ins" 0.0838638356268822 0.0382367400447916 0.0813957156828722 0.0999417006746065 0.0322515621850433 0.0541083713380227 0.066463521102168 0.0411610715050134 0.0336773146063831 0.0179671139858493 0.0327301631832422 0.0271560795673131 0.00720759680703461 0.0424800242742996 0.0187421349969209
"konten" 0 0 0 0 0 0 0 0 0 0 0 0 0 0 0
"daher" 0.0304959402279572 0.0300431528923363 0.0126194908035461 0 0.0201572263656521 0.00515317822266883 0.0653370207445041 0.0362217429244118 0.00708996096976486 0.0179671139858493 0.0196380979099453 0.015841046414266 0.0198208912193452 0.0343885910791949 0.010709791426812
"tasche" 0.0114359775854839 0.00273119571748511 0.00157743635044326 0 0 0 0.00788550250364705 0.00493932858060161 0.00673546292127662 0 0 0 0 0 0.00267744785670299
"grünen" 0 0.0136559785874256 0.00820266902230495 0.00832847505621721 0.00806289054626083 0.00515317822266883 0.0135180042919664 0 0.00283598438790594 0.00061955565468446 0 0 0 0 0.00401617178505449
"vier" 0.0152479701139786 0.0109247828699405 0.0220841089062056 0 0.0161257810925217 0.00772976733400325 0.0304155096569243 0.0197573143224064 0.0191428946183651 0.00247822261873784 0.0177678028709029 0.0181040530448754 0.00720759680703461 0.012137149792657 0.013387239283515
"weiß" 0.110547783326345 0.0792046758070683 0.124301984414929 0.0333139002248688 0.124974803467043 0.0412254257813506 0.0298522594780924 0.046100400085615 0.0599101701945131 0.0291191157701696 0.0261841305465937 0.0452601326121886 0.0486512784474836 0.0505714574694043 0.0548876810624113
"derselbe" 0 0.00546239143497023 0.00189292362053191 0.00832847505621721 0.00403144527313042 0.00257658911133442 0.00450600143065545 0.00329288572040107 0.000354498048488243 0.00061955565468446 0.00187029503904241 0 0 0.012137149792657 0.00267744785670299
"dergestalt" 0 0 0 0 0.00806289054626083 0 0.00112650035766386 0 0.000354498048488243 0.00061955565468446 0 0 0 0 0
"besondere" 0 0.00273119571748511 0.00473230905132978 0 0.00403144527313042 0.00772976733400325 0.00225300071532773 0.00987865716120322 0.000708996096976486 0.0173475583311649 0.0140272127928181 0.00452601326121886 0.00360379840351731 0.00404571659755234 0
"habt" 0.00762398505698929 0.0163871743049107 0.0214531343660283 0.00832847505621721 0.00403144527313042 0.0180361237793409 0.00394275125182352 0 0.00779895706674135 0.00185866696405338 0.00467573759760602 0 0 0 0.0013387239283515
"geringste" 0.00381199252849464 0.00819358715245535 0.00157743635044326 0 0.00403144527313042 0 0.00450600143065545 0.0230502000428075 0.00921694926069432 0.00991289047495137 0.0130920652732969 0.0113150331530471 0.0108113952105519 0.00404571659755234 0.00803234357010897
"stücke" 0 0 0.00914913083257091 0 0.00403144527313042 0.0206127128906753 0.00337950107299159 0 0.00354498048488243 0.0142497800577426 0.00935147519521204 0.015841046414266 0.00720759680703461 0.00404571659755234 0.0013387239283515
"d" 0.0152479701139786 0.00273119571748511 0.000630974540177304 0 0.0282201169119129 0.0103063564453377 0.024783007868605 0.00164644286020054 0.0166614082789474 0.00061955565468446 0.0140272127928181 0.0520491525040168 0.041443681640449 0.0445028825730758 0.00535489571340598
"hundert" 0 0.0163871743049107 0.0113575417231915 0 0.00806289054626083 0.00515317822266883 0.00788550250364705 0.0230502000428075 0.00921694926069432 0.0061955565468446 0.00187029503904241 0.00678901989182828 0.00900949600879327 0.00404571659755234 0.00401617178505449
"zeichen" 0.00762398505698929 0.0136559785874256 0.0104110799129255 0.00832847505621721 0 0.0128829455566721 0.0101385032189748 0.0148179857418048 0.00992594535767081 0.00495644523747568 0.0121569177537757 0 0.0126132944123106 0.00404571659755234 0
"nunmehro" 0 0 0 0 0 0 0 0 0 0.00061955565468446 0 0 0 0 0
"gelehrten" 0 0.00273119571748511 0.0141969271539893 0 0 0.00515317822266883 0.0191505060802857 0 0.0109894395031355 0.00433688958279122 0 0.00226300663060943 0.00720759680703461 0.00202285829877617 0.00267744785670299
"meer" 0 0.00819358715245535 0.00283938543079787 0.0499708503373032 0.0120943358193913 0.00515317822266883 0.00732225232481511 0.00493932858060161 0.00779895706674135 0.00371733392810676 0.00187029503904241 0 0 0 0
"hund" 0 0.00819358715245535 0.00725620721203899 0 0 0.00257658911133442 0.00844875268247898 0 0.00177249024244122 0.00123911130936892 0 0.00905202652243771 0 0 0
"gantze" 0 0 0 0 0 0 0 0 0 0 0 0 0 0 0
"tat" 0.0495559028704304 0.00819358715245535 0.0365965233302836 0.0166569501124344 0.0524087885506954 0.030919069336013 0.0613942694926806 0.0246966429030081 0.0368677970427773 0.0805422351089798 0.0766820966007388 0.00905202652243771 0.0396417824386904 0.0606857489632851 0.0254357546386784
"berge" 0 0.00273119571748511 0.00441682178124113 0.00832847505621721 0.00806289054626083 0.0231893020020097 0.016897505364958 0 0.00177249024244122 0 0.000935147519521204 0.00452601326121886 0.00180189920175865 0 0.00401617178505449
"herren" 0.0457439103419357 0.0300431528923363 0.0394359087610815 0 0.0241886716387825 0.0180361237793409 0.00957525304014284 0.00329288572040107 0.0269418516851065 0.014869335712427 0.00748118015616964 0 0.0162170928158279 0 0.00267744785670299
"solten" 0 0 0 0 0 0 0 0 0 0 0 0 0 0 0
"tiere" 0 0 0.0126194908035461 0.00832847505621721 0 0.0103063564453377 0.00394275125182352 0.00164644286020054 0.000708996096976486 0.0030977782734223 0.000935147519521204 0.00678901989182828 0.00180189920175865 0 0
"hinab" 0 0.0136559785874256 0.000315487270088652 0.0249854251686516 0.00403144527313042 0.00515317822266883 0.0146445046496302 0 0.00212698829092946 0.00185866696405338 0.00374059007808482 0 0 0 0
"hinten" 0.0114359775854839 0 0.00283938543079787 0 0 0 0.00844875268247898 0 0.000708996096976486 0 0 0 0 0.00202285829877617 0
"dacht" 0.0228719551709679 0 0.0160898507745212 0.124927125843258 0 0 0.00901200286131091 0 0.000354498048488243 0.00247822261873784 0 0.00226300663060943 0.00540569760527596 0.00202285829877617 0
