"m_Fischer_Christian_Hannchen_1800" "m_Hauff_Bettlerin_1826" "m_Hippel_Lebenslaeufe_1779" "m_Hoelderlin_Hyperions-Jugend_1797" "m_Jacobi_Eduard-Allwill_1792" "m_Klingemann_Nachtwachen_1804" "m_Paul_Siebenkaes_1796" "m_Prevost-dExiles_Manon-Lescaut_1731" "m_Thuemmel_Reise-in-mittaegliche-Provinzen_1791" "m_Wieland_Agathon_1794" "m_Wieland_Peregrinus_1788" "w_La-Roche_Sternheim-Teil-1_1771" "w_La-Roche_Sternheim-Teil-2_1771" "w_Unger_Bekenntnisse_1806" "w_Wobeser_Elisa_1795"
"ward" 0.0228719551709679 0.00546239143497023 0.0962236173770388 0.0749562755059549 0.0886917960088692 0.00515317822266883 0.00281625089415966 0 0.0453757502064951 0.00371733392810676 0.0224435404685089 0 0.00180189920175865 0.00202285829877617 0.00535489571340598
"erwiederte" 0.0304959402279572 0 0.0306022651985992 0 0 0.00257658911133442 0 0 0.0230423731517358 0 0.00935147519521204 0 0 0.00809143319510468 0.00803234357010897
"fühlte" 0.0724278580413982 0.0573551100671874 0.00694071994195034 0.0499708503373032 0.0241886716387825 0.0180361237793409 0.00506925160948739 0.0279895286234091 0.0177249024244122 0.024162670532694 0.0317950156637209 0.0429971259815791 0.0270284880263798 0.0404571659755234 0.0348068221371389
"wußte" 0.0457439103419357 0.046430327197247 0.0381739596807269 0.0333139002248688 0.0241886716387825 0.00772976733400325 0.0214035067956134 0.046100400085615 0.0170159063274357 0.0384124505904365 0.0448870809370178 0.0339450994591414 0.0252265888246212 0.012137149792657 0.0227583067819754
"gefühl" 0.0190599626424732 0.0355055443273065 0.00283938543079787 0.0666278004497377 0.0403144527313042 0.00772976733400325 0.0101385032189748 0.0395146286448129 0.0269418516851065 0.0185866696405338 0.0187029503904241 0.0452601326121886 0.00720759680703461 0.0525943157681804 0.0803234357010897
"ihres" 0 0.0436991314797618 0.0258699561472695 0.0749562755059549 0.0765974601894779 0.0154595346680065 0.0366112616240756 0.0477468429458156 0.0747990882310193 0.0638142324324994 0.0692009164445691 0.149358437620222 0.163972827360037 0.0525943157681804 0.104420466411417
"herzen" 0.0343079327564518 0.0136559785874256 0.0473230905132978 0.0749562755059549 0.0604716790969563 0.0386488366700162 0.0833610264671259 0.0279895286234091 0.0478572365459128 0.0520426749934947 0.0299247206246785 0.0837312453325488 0.0720759680703461 0.024274299585314 0.109775362124823
"blick" 0.00381199252849464 0.0382367400447916 0.0236615452566489 0.0249854251686516 0.0322515621850433 0.0154595346680065 0.00619575196715125 0.0181108714622059 0.0358043028973125 0.0204453366045872 0.0177678028709029 0.0181040530448754 0.0198208912193452 0.0101142914938809 0.0415004417788964
"entgegen" 0.0190599626424732 0.00546239143497023 0.0151433889642553 0.0166569501124344 0.00403144527313042 0.0103063564453377 0.0146445046496302 0.00658577144080215 0.0432487619155657 0.0154888913671115 0.0224435404685089 0.00452601326121886 0.00720759680703461 0.0161828663902094 0.0267744785670299
"eilte" 0.0304959402279572 0.0136559785874256 0.000630974540177304 0.0249854251686516 0 0.00515317822266883 0.00394275125182352 0.00823221430100268 0.00673546292127662 0.0030977782734223 0.00841632767569084 0.0226300663060943 0.0234246896228625 0.00202285829877617 0.0307906503520844
"irgend" 0.00762398505698929 0.00819358715245535 0.00567877086159573 0.00832847505621721 0.00806289054626083 0.0103063564453377 0.0016897505364958 0.00164644286020054 0.00212698829092946 0.0526622306481791 0.0355356057418058 0.00452601326121886 0.00180189920175865 0.0970971983412562 0.00535489571340598
"einst" 0 0.0109247828699405 0.00820266902230495 0.108270175730824 0.0322515621850433 0.030919069336013 0.00112650035766386 0.00164644286020054 0.0159524121819709 0.0061955565468446 0.0149623603123393 0.0181040530448754 0.0162170928158279 0 0.0629200246325203
"welchem" 0.00381199252849464 0.0109247828699405 0.0085181562923936 0.00832847505621721 0.0161257810925217 0.00257658911133442 0.0202770064379495 0.0164644286020054 0.0340318126548713 0.0346951166623298 0.0533034086127087 0.031682092828532 0.0504531776492423 0.0667543238596136 0.0508715092773568
"hülfe" 0.0152479701139786 0.0191183700223958 0.00725620721203899 0.0582993253935204 0.0241886716387825 0 0.00225300071532773 0 0.0205608868123181 0.0111520017843203 0.0121569177537757 0.0339450994591414 0.0216227904211038 0.00202285829877617 0.0187421349969209
"seite" 0.0419319178134411 0.0546239143497023 0.014512414424078 0.00832847505621721 0.0362830074581738 0.0283424802246786 0.0191505060802857 0.021403757182607 0.0347408087518478 0.0433688958279122 0.0280544255856361 0.0362081060897508 0.041443681640449 0.0343885910791949 0.0575651289191143
"verlassen" 0.00381199252849464 0.0409679357622767 0.014512414424078 0.0333139002248688 0.0161257810925217 0.00772976733400325 0.00844875268247898 0.0724434858488236 0.013116427794065 0.0204453366045872 0.0224435404685089 0.0135780397836566 0.0162170928158279 0.024274299585314 0.0575651289191143
"lage" 0.0114359775854839 0.00273119571748511 0.00347035997097517 0 0.0282201169119129 0.00515317822266883 0.00675900214598318 0.0312824143438102 0.0166614082789474 0.0030977782734223 0.0158975078318605 0 0.00180189920175865 0.0323657327804187 0.0200808589252724
"mußte" 0.0800518430983875 0.0682798929371279 0.0324951888191311 0.041642375281086 0.0524087885506954 0.0438020148926851 0.0535087669890335 0.0444539572254145 0.0457302482549834 0.0662924550512373 0.0794875391593024 0.0973092851162054 0.046849379245725 0.13755436431678 0.0415004417788964
"brief" 0.0152479701139786 0.0163871743049107 0.0359655487901063 0 0.0362830074581738 0.00257658911133442 0.0191505060802857 0.0576255001070188 0.0163069102304592 0.00061955565468446 0.00654603263664843 0.031682092828532 0.0252265888246212 0 0.0321293742804359
"oft" 0.0304959402279572 0.161140547331622 0.0936997192163296 0.466394603148164 0.0725660149163475 0.100486975342042 0.0867405275401175 0.0164644286020054 0.0581376799520719 0.0315973383889075 0.0327301631832422 0.0362081060897508 0.0738778672721048 0.0525943157681804 0.153953251760422
"herz" 0.133419738497313 0.0764734800895832 0.0703536612297694 0.249854251686516 0.169320701471478 0.0283424802246786 0.134616792740832 0.0938472430314306 0.101386441867638 0.0786835681449265 0.0224435404685089 0.221774649799724 0.1873975169829 0.0182057246889855 0.148598356047016
"weis" 0 0 0 0 0 0 0.000563250178831932 0 0.000354498048488243 0 0 0 0 0 0
"anblick" 0.0114359775854839 0.0273119571748511 0.00441682178124113 0.00832847505621721 0.0120943358193913 0.00257658911133442 0.00394275125182352 0.0312824143438102 0.0155979141334827 0.0439884514825967 0.0205732454294665 0.0203670596754848 0.0360379840351731 0.0182057246889855 0.0294519264237329
"denken" 0.0381199252849464 0.0655486972196428 0.0413288323816134 0.0166569501124344 0.0241886716387825 0.0360722475586818 0.0281625089415966 0.0296359714836097 0.0347408087518478 0.0384124505904365 0.0346004582222846 0.0588381723958451 0.0630664720615529 0.0222514412865379 0.0267744785670299
"betragen" 0.00381199252849464 0.0163871743049107 0.00126194908035461 0 0 0.00257658911133442 0.00394275125182352 0.00164644286020054 0.00319048243639419 0.0260213374967473 0.0149623603123393 0.00452601326121886 0.00540569760527596 0.0101142914938809 0.0294519264237329
"welchen" 0.00381199252849464 0.0136559785874256 0.0078871817522163 0 0.0120943358193913 0.0103063564453377 0.0264727584051008 0.0296359714836097 0.0124074316970885 0.0446080071372811 0.0523682610931875 0.0384711127203603 0.0342360848334144 0.0687771821583898 0.0522102332057083
"selbst" 0.0762398505698929 0.155678155896652 0.221156576332145 0.141584075955693 0.169320701471478 0.355569297364149 0.0016897505364958 0.156412071719051 0.197100914959463 0.364918280609147 0.332912516949549 0.153884450881441 0.142350036938934 0.42277738444422 0.188760073897561
"freundin" 0 0.0191183700223958 0.00252389816070922 0.0166569501124344 0.00806289054626083 0 0.0118282537554706 0 0.0127619297455768 0.016108447021796 0.0168326553513817 0.0814682387019394 0.0738778672721048 0.0788914736522707 0.00267744785670299
"gefühle" 0.0114359775854839 0.00546239143497023 0 0.0249854251686516 0.0161257810925217 0.0154595346680065 0.0140812544707983 0.0197573143224064 0.00886245121220608 0.00061955565468446 0.0121569177537757 0.00226300663060943 0 0.0283200161828664 0.0174034110685694
"verbindung" 0.00381199252849464 0.00819358715245535 0.00536328359150708 0 0.0161257810925217 0 0.0016897505364958 0.00823221430100268 0.00886245121220608 0.0154888913671115 0.0289895731051573 0.0248930729367037 0.0198208912193452 0.0364114493779711 0.0254357546386784
"teil" 0.0114359775854839 0.0218495657398809 0.042590781461968 0.0166569501124344 0.0161257810925217 0 0.00506925160948739 0.0444539572254145 0.0180794004729004 0.0569991202309703 0.0495628185346238 0.0429971259815791 0.0432455808422077 0.0465257408718519 0.0267744785670299
"aufmerksamkeit" 0 0.00546239143497023 0.00157743635044326 0 0 0.00257658911133442 0.00506925160948739 0.00658577144080215 0.011698435600112 0.016108447021796 0.0224435404685089 0.0135780397836566 0.0270284880263798 0.0182057246889855 0.0495327853490053
"schnell" 0.0190599626424732 0.0436991314797618 0.014512414424078 0.0333139002248688 0 0.0360722475586818 0.0101385032189748 0.0279895286234091 0.00886245121220608 0.00867377916558244 0.0102866227147332 0.00905202652243771 0.00540569760527596 0.00404571659755234 0.0160646871402179
"ton" 0.00381199252849464 0.024580761457366 0.00946461810265956 0 0 0.0180361237793409 0.00732225232481511 0.0279895286234091 0.00567196877581189 0.024162670532694 0.00748118015616964 0.0565751657652357 0.0576607744562769 0 0.00535489571340598
"entfernt" 0.00381199252849464 0.0109247828699405 0.00441682178124113 0 0 0 0.0016897505364958 0.0329288572040107 0.00779895706674135 0.0192062252952183 0.0149623603123393 0.0181040530448754 0.0198208912193452 0.0303428744816426 0.0294519264237329
"einsamkeit" 0.00381199252849464 0.0136559785874256 0.00189292362053191 0.0166569501124344 0 0.00257658911133442 0.00844875268247898 0.0115251000214038 0.00425397658185892 0.0061955565468446 0.00467573759760602 0.00226300663060943 0.00720759680703461 0.0161828663902094 0.00937106749846047
"erscheinung" 0.00381199252849464 0.00819358715245535 0.00189292362053191 0 0.00403144527313042 0.0128829455566721 0.00394275125182352 0.00658577144080215 0.0074444590182531 0.00805422351089798 0.0196380979099453 0 0.0144151936140692 0.0141600080914332 0.00267744785670299
"andenken" 0.00762398505698929 0.00273119571748511 0.0116730289932801 0.0166569501124344 0 0 0.00225300071532773 0 0.00886245121220608 0.00867377916558244 0.00374059007808482 0.031682092828532 0.0270284880263798 0.00404571659755234 0.0401617178505449
"fühlen" 0.0152479701139786 0.0300431528923363 0.00347035997097517 0.041642375281086 0.0564402338238258 0.00257658911133442 0.00281625089415966 0.00493932858060161 0.00815345511522959 0.0142497800577426 0.0121569177537757 0.0203670596754848 0.00720759680703461 0.0101142914938809 0.0200808589252724
"zukunft" 0.0114359775854839 0.00546239143497023 0.00283938543079787 0.0249854251686516 0.00806289054626083 0 0.0185872559014537 0.0148179857418048 0.00921694926069432 0.00681511220152906 0.000935147519521204 0.00905202652243771 0.00540569760527596 0.00606857489632851 0.0214195828536239
"vermochte" 0 0.00273119571748511 0.00189292362053191 0 0.00806289054626083 0 0.00563250178831932 0 0.00319048243639419 0.00123911130936892 0.00280544255856361 0 0 0.00404571659755234 0.00937106749846047
"indessen" 0.102923798269355 0.0136559785874256 0.103164337318989 0 0.0120943358193913 0 0.00506925160948739 0.00493932858060161 0.000354498048488243 0.0291191157701696 0.045822228456539 0.0135780397836566 0.0108113952105519 0.0364114493779711 0.0013387239283515
"bitte" 0.00762398505698929 0.0355055443273065 0.0220841089062056 0 0.00403144527313042 0.00772976733400325 0.0174607555437899 0.0131715428816043 0.0170159063274357 0.00061955565468446 0.00374059007808482 0.0226300663060943 0.0252265888246212 0.00606857489632851 0.0254357546386784
"elise" 0 0 0 0 0 0 0 0 0 0 0 0 0 0 0
"welcher" 0.0114359775854839 0.0327743486098214 0.0176672871249645 0 0.0322515621850433 0 0.0360480114452436 0.0115251000214038 0.0251693614426653 0.0879769029651934 0.0804226866788236 0.0497861458734074 0.0630664720615529 0.09507434004248 0.0856783314144957
"konnte" 0.202035604010216 0.139290981591741 0.117361264472979 0.0916132256183893 0.0645031243700867 0.0463786040040195 0.104764533262739 0.136654757396645 0.100677445770661 0.16108447021796 0.173002291111423 0.126728371314128 0.108113952105519 0.315565894609083 0.0896945031995502
"trost" 0.0114359775854839 0.0136559785874256 0.0167208253146986 0.0333139002248688 0.0120943358193913 0 0.0112650035766386 0.00658577144080215 0.00992594535767081 0.00185866696405338 0.00187029503904241 0.0226300663060943 0.0108113952105519 0.00606857489632851 0.0227583067819754
"ganz" 0.0609918804559143 0.136559785874256 0.0747704830110105 0.133255600899475 0.241886716387825 0.136559222900724 0.0760387741423108 0.0971401287518317 0.117693352098097 0.0693902333246596 0.103801374666854 0.0927832718549865 0.142350036938934 0.157782947304541 0.0749685399876837
"kennen" 0.0266839476994625 0.024580761457366 0.0287093415780673 0 0.00403144527313042 0.00772976733400325 0.00450600143065545 0.00987865716120322 0.0159524121819709 0.0216844479139561 0.0224435404685089 0.031682092828532 0.0324341856316558 0.0445028825730758 0.0495327853490053
"dünkt" 0 0.00273119571748511 0.0189292362053191 0.0166569501124344 0.00403144527313042 0 0.00337950107299159 0 0.0024814863394177 0 0.00374059007808482 0.015841046414266 0.0108113952105519 0.00202285829877617 0.00937106749846047
"kannte" 0.00381199252849464 0.00546239143497023 0.00630974540177304 0.00832847505621721 0 0.00257658911133442 0.00450600143065545 0.0263430857632086 0.00567196877581189 0.014869335712427 0.00935147519521204 0.0113150331530471 0.00720759680703461 0.012137149792657 0.0120485153551635
"sorge" 0 0.00273119571748511 0.00283938543079787 0 0.0120943358193913 0.00257658911133442 0.00450600143065545 0.0181108714622059 0.00992594535767081 0.0130106687483737 0.00748118015616964 0.0294190861979226 0.0198208912193452 0.00404571659755234 0.00401617178505449
"tränen" 0.0571798879274197 0.0737422843720981 0.0277628797678014 0.041642375281086 0.0524087885506954 0.0154595346680065 0.04956601573721 0.0740899287090242 0.0230423731517358 0.0179671139858493 0.00935147519521204 0.0611011790264545 0.0234246896228625 0.012137149792657 0.139227288548556
"art" 0.00381199252849464 0.0109247828699405 0.0589961195065779 0.0166569501124344 0.0322515621850433 0.0154595346680065 0.0225300071532773 0.0691506001284225 0.02623285558813 0.221800924377037 0.157104783279562 0.0588381723958451 0.0810854640791394 0.0525943157681804 0.0160646871402179
"vergessen" 0.0152479701139786 0.0327743486098214 0.0198756980155851 0.0666278004497377 0.0322515621850433 0.00515317822266883 0.0174607555437899 0.0279895286234091 0.0170159063274357 0.0167280026764804 0.00841632767569084 0.0135780397836566 0.00900949600879327 0.00404571659755234 0.0468553374923023
"fühle" 0.00762398505698929 0.00273119571748511 0.00283938543079787 0 0.0161257810925217 0 0 0.00658577144080215 0.00567196877581189 0.00495644523747568 0.00187029503904241 0.0203670596754848 0.00900949600879327 0.00606857489632851 0.0441778896355993
"nie" 0.0266839476994625 0.0819358715245534 0.0586806322364893 0.183226451236779 0.177383592017738 0.030919069336013 0.0433702637700587 0.0362217429244118 0.0574286838550954 0.0185866696405338 0.0542385561322299 0.00226300663060943 0.00360379840351731 0.175988671993527 0.211518380679536
"briefe" 0.00381199252849464 0.0136559785874256 0.0164053380446099 0 0.0685345696432171 0.00257658911133442 0.016334255186126 0.00493932858060161 0.00567196877581189 0.00185866696405338 0.00374059007808482 0.0588381723958451 0.0216227904211038 0.012137149792657 0.00669361964175748
"entfernen" 0.00381199252849464 0 0.00315487270088652 0.0166569501124344 0.00403144527313042 0.00257658911133442 0.00112650035766386 0.00329288572040107 0.00354498048488243 0.00805422351089798 0.00654603263664843 0.00226300663060943 0.00540569760527596 0.00202285829877617 0.0214195828536239
"unterhaltung" 0 0.0136559785874256 0.000630974540177304 0 0 0 0.00112650035766386 0.0131715428816043 0.0124074316970885 0.00185866696405338 0.00467573759760602 0.00226300663060943 0.0108113952105519 0.0161828663902094 0.0240970307103269
"geliebten" 0.0266839476994625 0.0327743486098214 0.00473230905132978 0.0166569501124344 0.00806289054626083 0.00772976733400325 0.0197137562591176 0.0543326143866177 0.00638096487278838 0.0216844479139561 0.00467573759760602 0.0248930729367037 0.0144151936140692 0.0161828663902094 0.0174034110685694
"seit" 0.00762398505698929 0.0573551100671874 0.0113575417231915 0.0333139002248688 0.0241886716387825 0.0206127128906753 0.0219667569744453 0.046100400085615 0.0436032599640539 0.024162670532694 0.0355356057418058 0.0271560795673131 0.0198208912193452 0.0606857489632851 0.0455166135639508
"möglich" 0.00762398505698929 0.0300431528923363 0.0129349780736347 0.0249854251686516 0.0161257810925217 0.030919069336013 0.00675900214598318 0.0246966429030081 0.0265873536366182 0.0359342279716987 0.0495628185346238 0.0203670596754848 0.0162170928158279 0.0525943157681804 0.0200808589252724
"gemüt" 0 0 0.00126194908035461 0.041642375281086 0.00403144527313042 0.00515317822266883 0.00112650035766386 0 0.00106349414546473 0.0136302244030581 0.0140272127928181 0 0 0.0687771821583898 0
"gedanke" 0.00762398505698929 0.0436991314797618 0.00820266902230495 0.0499708503373032 0.0161257810925217 0.0154595346680065 0.00844875268247898 0.0181108714622059 0.0134709258425532 0.0223040035686406 0.0205732454294665 0.0407341193509697 0.0378398832369317 0.012137149792657 0.0374842699938419
"mutter" 0.0724278580413982 0.188452504506473 0.254598226961542 0.174897976180561 0.0524087885506954 0.0592615495606916 0.016897505364958 0.00493932858060161 0.0230423731517358 0.0179671139858493 0.0149623603123393 0.0746792188101111 0.0738778672721048 0.0222514412865379 0.370826528153364
"blos" 0.0114359775854839 0 0 0 0 0.0824508515627013 0 0 0 0 0 0 0 0.012137149792657 0.00669361964175748
"sinn" 0 0.0273119571748511 0.013565952613812 0.0333139002248688 0.048377343277565 0.0103063564453377 0.00450600143065545 0.00658577144080215 0.0124074316970885 0.00681511220152906 0.0224435404685089 0.00226300663060943 0.00180189920175865 0.0101142914938809 0
"wünsche" 0.0114359775854839 0.00273119571748511 0.00757169448212765 0.0333139002248688 0.0120943358193913 0.00515317822266883 0.0197137562591176 0.0181108714622059 0.014534419988018 0.0111520017843203 0.0205732454294665 0.0452601326121886 0.0396417824386904 0.0222514412865379 0.0187421349969209
"stimme" 0.0343079327564518 0.0573551100671874 0.0179827743950532 0.0249854251686516 0.0161257810925217 0.0231893020020097 0.0225300071532773 0.0115251000214038 0.0340318126548713 0.0272604488061163 0.0215083929489877 0.0384711127203603 0.052255076851001 0.00606857489632851 0.0361455460654904
"wunsch" 0.00381199252849464 0.00819358715245535 0.00536328359150708 0 0.00806289054626083 0 0.00957525304014284 0.0131715428816043 0.00992594535767081 0.00805422351089798 0.00467573759760602 0.00678901989182828 0.0342360848334144 0.012137149792657 0.0120485153551635
"glaubte" 0.0381199252849464 0.0600863057846725 0.0170363125847872 0.0499708503373032 0.0241886716387825 0.0180361237793409 0.00788550250364705 0.0724434858488236 0.023396871200224 0.0526622306481791 0.0476925234955814 0.015841046414266 0.0126132944123106 0.0323657327804187 0.0307906503520844
"sollte" 0.0838638356268822 0.0819358715245534 0.107896646370319 0.0999417006746065 0.0886917960088692 0.0283424802246786 0.04956601573721 0.0872614715906284 0.0762170804249723 0.0718684559433974 0.0673306214055267 0.0497861458734074 0.0738778672721048 0.0991200566400324 0.0870170553428472
"gesellschaft" 0.0266839476994625 0.0491615229147321 0.0189292362053191 0.00832847505621721 0.0161257810925217 0.0154595346680065 0.0129547541131344 0.0230502000428075 0.0223333770547593 0.0433688958279122 0.0289895731051573 0.0271560795673131 0.0702740688685875 0.0445028825730758 0.0374842699938419
"mannes" 0 0.0273119571748511 0.00599425813168439 0.0166569501124344 0.00403144527313042 0 0.0118282537554706 0.00658577144080215 0.0155979141334827 0.0173475583311649 0.0149623603123393 0.0294190861979226 0.0360379840351731 0.0161828663902094 0.0227583067819754
"vergebens" 0.0114359775854839 0.0136559785874256 0.00473230905132978 0 0 0.00257658911133442 0 0.021403757182607 0.00921694926069432 0.00433688958279122 0.00748118015616964 0.00678901989182828 0.00180189920175865 0.00202285829877617 0.013387239283515
"unglücklichen" 0.00381199252849464 0.0163871743049107 0.00252389816070922 0 0.0161257810925217 0.00257658911133442 0.0016897505364958 0.00823221430100268 0.00886245121220608 0.00433688958279122 0.00561088511712723 0.0248930729367037 0.00900949600879327 0.00809143319510468 0.0334680982087874
"gegenwart" 0.00762398505698929 0 0.00378584724106382 0.0166569501124344 0.0120943358193913 0.00257658911133442 0.00619575196715125 0.0246966429030081 0.00708996096976486 0.0117715574390047 0.0177678028709029 0.00452601326121886 0.0108113952105519 0.00809143319510468 0.013387239283515
"herzens" 0.00381199252849464 0.0136559785874256 0.0113575417231915 0.14991255101191 0.0282201169119129 0.00257658911133442 0.0208402566167815 0.0296359714836097 0.0226878751032476 0.0563795645762859 0.0205732454294665 0.0927832718549865 0.0792835648773808 0.00202285829877617 0.0227583067819754
"meines" 0.0266839476994625 0.0273119571748511 0.0454301668927659 0.108270175730824 0.0282201169119129 0.0128829455566721 0.0230932573321092 0.116897443074238 0.116629857952632 0.0421297845185433 0.107541964744939 0.273823802303741 0.149557633745968 0.0627086072620613 0.109775362124823
"gedanken" 0.00381199252849464 0.0682798929371279 0.0378584724106382 0.0582993253935204 0.0161257810925217 0.0231893020020097 0.0366112616240756 0.0592719429672193 0.0414762716731244 0.0545208976122325 0.045822228456539 0.0656271922876734 0.0738778672721048 0.0303428744816426 0.0415004417788964
"blicke" 0.0114359775854839 0.0191183700223958 0.00157743635044326 0.00832847505621721 0.0161257810925217 0 0.00788550250364705 0.0115251000214038 0.0297778360730124 0.014869335712427 0.00374059007808482 0.0226300663060943 0.0270284880263798 0 0.0602425767758173
"teilnahme" 0.00762398505698929 0 0 0 0 0.00257658911133442 0.0016897505364958 0.00329288572040107 0.00460847463034716 0 0.000935147519521204 0 0 0.00404571659755234 0
"ewig" 0.0190599626424732 0.0191183700223958 0.0148279016941666 0.0666278004497377 0.0201572263656521 0.0257658911133442 0.0123915039343025 0.00329288572040107 0.011698435600112 0.00557600089216014 0.00841632767569084 0.0271560795673131 0.00900949600879327 0.024274299585314 0.0240970307103269
"während" 0 0.0355055443273065 0.0116730289932801 0.00832847505621721 0.0120943358193913 0.0334956584473474 0.0107017533978067 0.0724434858488236 0.0471482404489363 0.0123911130936892 0.0317950156637209 0.0203670596754848 0.0180189920175865 0.0465257408718519 0.00937106749846047
"arme" 0.0838638356268822 0.0355055443273065 0.0321797015490425 0.0749562755059549 0.0685345696432171 0.0566849604493571 0.0535087669890335 0.0279895286234091 0.0294233380245242 0.0223040035686406 0.0187029503904241 0.0995722917468148 0.0360379840351731 0.00606857489632851 0.0776459878443867
"kind" 0.0266839476994625 0.0327743486098214 0.0328106760892198 0.0166569501124344 0.0241886716387825 0.0128829455566721 0.016897505364958 0.0148179857418048 0.0414762716731244 0.00061955565468446 0.00748118015616964 0.0362081060897508 0.0342360848334144 0.00404571659755234 0.0267744785670299
"schien" 0.167727671253764 0.142022177309226 0.0331261633593085 0.124927125843258 0.00403144527313042 0.0747210842286981 0.0185872559014537 0.0576255001070188 0.0436032599640539 0.107183128260412 0.10847711226446 0.015841046414266 0.0324341856316558 0.0182057246889855 0.0374842699938419
"nachricht" 0.00762398505698929 0.0109247828699405 0.0078871817522163 0 0.0120943358193913 0 0.00619575196715125 0.0164644286020054 0.00779895706674135 0.00867377916558244 0.00561088511712723 0.0248930729367037 0.0198208912193452 0.0161828663902094 0.00669361964175748
"ankunft" 0.00762398505698929 0.00273119571748511 0.00347035997097517 0 0.0120943358193913 0 0.00675900214598318 0.0164644286020054 0.00354498048488243 0.0030977782734223 0.00374059007808482 0.00678901989182828 0.00900949600879327 0.0182057246889855 0.00803234357010897
"abreise" 0.00381199252849464 0.0109247828699405 0.00441682178124113 0 0 0 0.00225300071532773 0.0230502000428075 0.00815345511522959 0.00061955565468446 0.00280544255856361 0.0203670596754848 0.00900949600879327 0.0141600080914332 0.0160646871402179
"ueberzeugung" 0 0 0.000630974540177304 0 0 0 0 0 0.00425397658185892 0 0.00280544255856361 0 0 0 0.00669361964175748
"worte" 0.0190599626424732 0.0600863057846725 0.0555257595356027 0.0582993253935204 0.0120943358193913 0.0360722475586818 0.0197137562591176 0.046100400085615 0.0368677970427773 0.0111520017843203 0.0346004582222846 0.0113150331530471 0.0108113952105519 0.0141600080914332 0.0522102332057083
"zimmer" 0.0266839476994625 0.0600863057846725 0.0192447234754078 0.00832847505621721 0.0241886716387825 0.0231893020020097 0.0129547541131344 0.0773828144294252 0.0226878751032476 0.00495644523747568 0.00561088511712723 0.047523139242798 0.052255076851001 0.00606857489632851 0.0655974724892233
"rief" 0.10673579079785 0.174796525919047 0.013565952613812 0.20821187640543 0.0322515621850433 0.0515317822266883 0.0225300071532773 0.0493932858060161 0.0499842248368423 0.0123911130936892 0.0177678028709029 0.0429971259815791 0.0198208912193452 0.00404571659755234 0.0481940614206538
"ehemals" 0 0 0.00473230905132978 0 0.00403144527313042 0 0 0 0.00673546292127662 0.00681511220152906 0.0224435404685089 0.0135780397836566 0.00540569760527596 0.012137149792657 0
"mehrere" 0.0304959402279572 0.0109247828699405 0.000946461810265956 0 0.00806289054626083 0.0231893020020097 0.000563250178831932 0.0148179857418048 0.00567196877581189 0 0.0149623603123393 0.00226300663060943 0.00540569760527596 0.0161828663902094 0.00803234357010897
"bestimmt" 0 0.0273119571748511 0.00504779632141843 0 0.00806289054626083 0.00772976733400325 0 0.0115251000214038 0.00708996096976486 0.0111520017843203 0.00654603263664843 0.0113150331530471 0.0180189920175865 0.0323657327804187 0.010709791426812
"folgen" 0.00762398505698929 0.0218495657398809 0.00599425813168439 0 0.00403144527313042 0.00257658911133442 0.000563250178831932 0.0378681857846123 0.0177249024244122 0.0303582270795386 0.0177678028709029 0.0181040530448754 0.00540569760527596 0.0343885910791949 0.0174034110685694
"pflicht" 0 0.00273119571748511 0.00914913083257091 0.00832847505621721 0.00403144527313042 0 0.00619575196715125 0.0181108714622059 0.0049629726788354 0.00495644523747568 0.0112217702342545 0.015841046414266 0.0198208912193452 0.0141600080914332 0.0401617178505449
"könnte" 0.0304959402279572 0.0628175015021576 0.0630974540177304 0.0582993253935204 0.104817577101391 0.061838138672026 0.0270360085839327 0.107018785913035 0.0535292053217247 0.0600968985043926 0.0907093093935568 0.063364185657064 0.052255076851001 0.0748457570547183 0.11646898176658
"wagte" 0.0228719551709679 0.00546239143497023 0.000630974540177304 0 0.00403144527313042 0.0154595346680065 0.00112650035766386 0.021403757182607 0.00283598438790594 0.00185866696405338 0.00561088511712723 0.00226300663060943 0.00180189920175865 0.00202285829877617 0.00535489571340598
"ruhe" 0.0152479701139786 0.0109247828699405 0.0211376470959397 0.0582993253935204 0.0322515621850433 0.0103063564453377 0.0118282537554706 0.0164644286020054 0.0216243809577828 0.024162670532694 0.0289895731051573 0.031682092828532 0.0324341856316558 0.0182057246889855 0.0789847117727382
"tante" 0.0304959402279572 0.0136559785874256 0 0 0.0161257810925217 0 0 0 0.0237513692487123 0 0 0.0135780397836566 0.135142440131899 0 0
"hauses" 0 0 0.00378584724106382 0 0 0.00257658911133442 0.00394275125182352 0.00658577144080215 0.00460847463034716 0.00991289047495137 0.00748118015616964 0.00678901989182828 0.0342360848334144 0.00404571659755234 0.0013387239283515
"familie" 0.0114359775854839 0.0191183700223958 0.00978010537274821 0 0.00403144527313042 0.00257658911133442 0.0016897505364958 0.0263430857632086 0.0024814863394177 0.00805422351089798 0.00935147519521204 0.047523139242798 0.0666702704650702 0.00606857489632851 0.0307906503520844
"hinzu" 0.0381199252849464 0.0300431528923363 0.035334574249929 0.0166569501124344 0.00806289054626083 0.00772976733400325 0.0123915039343025 0.0707970429886231 0.00638096487278838 0.00867377916558244 0.0168326553513817 0.0135780397836566 0.0126132944123106 0.0141600080914332 0.00267744785670299
"gräfin" 0 0.0300431528923363 0.00126194908035461 0 0 0 0 0 0.00177249024244122 0 0 0.0452601326121886 0.09369875849145 0.0869829068473753 0
"eindruck" 0 0.0109247828699405 0.00252389816070922 0 0.00806289054626083 0.00515317822266883 0.00112650035766386 0.0197573143224064 0.0127619297455768 0.0136302244030581 0.0112217702342545 0.00678901989182828 0.0108113952105519 0.0161828663902094 0.010709791426812
"dasein" 0 0 0 0.0166569501124344 0.0201572263656521 0.00257658911133442 0.00281625089415966 0.00329288572040107 0.0074444590182531 0.00805422351089798 0.00467573759760602 0 0 0.00809143319510468 0.00937106749846047
"bitten" 0.00381199252849464 0.0163871743049107 0.0176672871249645 0 0.00403144527313042 0.00257658911133442 0.00506925160948739 0.0230502000428075 0.00921694926069432 0.00495644523747568 0.00748118015616964 0.0203670596754848 0.0108113952105519 0.00606857489632851 0.0147259632118664
"moment" 0 0.0191183700223958 0 0 0.00403144527313042 0.0128829455566721 0 0.00329288572040107 0.00141799219395297 0 0.00187029503904241 0 0 0.00404571659755234 0.0013387239283515
"trennung" 0.0114359775854839 0.0191183700223958 0.00126194908035461 0 0.00403144527313042 0 0.00675900214598318 0.00987865716120322 0.00460847463034716 0.00495644523747568 0.0102866227147332 0.00226300663060943 0.00180189920175865 0.0202285829877617 0.0174034110685694
"hoffen" 0 0.0109247828699405 0.00504779632141843 0 0.00403144527313042 0 0.00394275125182352 0.0197573143224064 0.00886245121220608 0.0123911130936892 0.00748118015616964 0.00452601326121886 0 0.00606857489632851 0.0240970307103269
"dünkte" 0 0 0.00157743635044326 0.00832847505621721 0 0.00515317822266883 0 0 0.000708996096976486 0 0.000935147519521204 0.0113150331530471 0.0162170928158279 0 0.00401617178505449
"aufenthalt" 0 0.0109247828699405 0.00126194908035461 0 0.00403144527313042 0 0.000563250178831932 0.00987865716120322 0.00354498048488243 0.0111520017843203 0.0158975078318605 0.00905202652243771 0.00900949600879327 0.0222514412865379 0.00803234357010897
"entfernung" 0 0 0.00473230905132978 0.00832847505621721 0 0 0.00619575196715125 0.00658577144080215 0.00708996096976486 0.00681511220152906 0.00841632767569084 0.00678901989182828 0.0108113952105519 0.00606857489632851 0.00401617178505449
"wollte" 0.15629169366828 0.152946960179166 0.108843108180585 0.0999417006746065 0.0927232412819996 0.0876040297853701 0.0929362795072687 0.139947643117046 0.0602646682430013 0.0737271229074508 0.07761724412026 0.149358437620222 0.104510153702002 0.09507434004248 0.10709791426812
"verstehen" 0.0228719551709679 0.0191183700223958 0.0141969271539893 0 0.0241886716387825 0.00772976733400325 0.00675900214598318 0.0131715428816043 0.00567196877581189 0.0111520017843203 0.0121569177537757 0.00226300663060943 0 0.024274299585314 0.00401617178505449
"schweigend" 0.00762398505698929 0.0136559785874256 0 0.0249854251686516 0 0.0103063564453377 0.00506925160948739 0.00329288572040107 0.00177249024244122 0 0.00187029503904241 0 0 0 0.00803234357010897
"nannte" 0.00381199252849464 0.0163871743049107 0.0227150834463829 0.00832847505621721 0.00403144527313042 0.00772976733400325 0.00337950107299159 0.0115251000214038 0.00602646682430013 0.00867377916558244 0.0158975078318605 0.00452601326121886 0.00540569760527596 0.0323657327804187 0.00803234357010897
"denke" 0.00762398505698929 0.024580761457366 0.0126194908035461 0.0582993253935204 0.0161257810925217 0.0257658911133442 0.00732225232481511 0.00164644286020054 0.013116427794065 0.00495644523747568 0.00654603263664843 0.0203670596754848 0.0216227904211038 0.00202285829877617 0.013387239283515
"angst" 0.0190599626424732 0.00819358715245535 0.00914913083257091 0.00832847505621721 0.00806289054626083 0.0206127128906753 0.0107017533978067 0.0148179857418048 0.014534419988018 0 0.00280544255856361 0.0113150331530471 0.00360379840351731 0 0.00401617178505449
"suchte" 0.0228719551709679 0.0327743486098214 0.00567877086159573 0.0499708503373032 0.00806289054626083 0.0231893020020097 0.0197137562591176 0.00658577144080215 0.0184338985213886 0.0136302244030581 0.0168326553513817 0.0181040530448754 0.0306322864298971 0.0202285829877617 0.0294519264237329
"tausend" 0.053367895398925 0.00273119571748511 0.0176672871249645 0.0166569501124344 0.00403144527313042 0.0334956584473474 0.0236565075109411 0.042807514365214 0.00957144730918256 0.0247822261873784 0.0140272127928181 0.0135780397836566 0.00900949600879327 0.012137149792657 0.00937106749846047
"könne" 0 0.0300431528923363 0.0160898507745212 0.041642375281086 0.0201572263656521 0.0231893020020097 0.0180240057226218 0.00987865716120322 0.00886245121220608 0.0427493401732278 0.0327301631832422 0.0135780397836566 0.0180189920175865 0.0182057246889855 0.0013387239283515
"blieb" 0.0266839476994625 0.024580761457366 0.0331261633593085 0.0333139002248688 0.0282201169119129 0.0360722475586818 0.0191505060802857 0.0329288572040107 0.0258783575396417 0.0185866696405338 0.0317950156637209 0.00905202652243771 0.0306322864298971 0.0627086072620613 0.0495327853490053
"begleiten" 0.00762398505698929 0.0136559785874256 0.00378584724106382 0 0.0120943358193913 0.00515317822266883 0.00450600143065545 0.00658577144080215 0.00779895706674135 0.00247822261873784 0.00187029503904241 0.00905202652243771 0.00900949600879327 0.00809143319510468 0.0174034110685694
"stille" 0 0.0218495657398809 0.0116730289932801 0.0999417006746065 0.0241886716387825 0.0128829455566721 0.0157710050072941 0.00493932858060161 0.0134709258425532 0.0142497800577426 0.0177678028709029 0.0135780397836566 0.0108113952105519 0 0.010709791426812
"geheimniß" 0.0114359775854839 0 0.00473230905132978 0 0 0.00257658911133442 0 0 0.00602646682430013 0 0.0121569177537757 0 0 0.024274299585314 0.0013387239283515
"nehmlichen" 0 0 0 0 0 0 0 0 0 0 0 0 0 0 0
"verhältniß" 0 0 0.00347035997097517 0 0 0 0 0 0.0024814863394177 0 0.00935147519521204 0 0 0.0647314655608375 0
"ehe" 0.053367895398925 0.0382367400447916 0.0391204214909928 0.00832847505621721 0.00806289054626083 0.0103063564453377 0.0371745118029075 0.0279895286234091 0.0684181233582309 0.00805422351089798 0.0243138355075513 0.0181040530448754 0.0324341856316558 0.0364114493779711 0.0147259632118664
"strebte" 0 0 0 0 0 0.00257658911133442 0 0 0.000354498048488243 0 0 0 0 0.00202285829877617 0
"unruhe" 0 0.00546239143497023 0.00220841089062056 0.00832847505621721 0.00806289054626083 0.00257658911133442 0 0.0246966429030081 0.00602646682430013 0.00929333482026691 0.00841632767569084 0.015841046414266 0.0198208912193452 0.00202285829877617 0.00267744785670299
"augenblicke" 0.10673579079785 0.0136559785874256 0.00536328359150708 0.0499708503373032 0.0322515621850433 0.0386488366700162 0.0016897505364958 0.00493932858060161 0.0322593224124301 0.0216844479139561 0.0336653107027634 0.0181040530448754 0.0162170928158279 0.0101142914938809 0.0763072639160352
"freude" 0.0609918804559143 0.0382367400447916 0.0265009306874468 0.174897976180561 0.0443458980044346 0.0231893020020097 0.0523822666313697 0.0444539572254145 0.0386402872852185 0.0266408931514318 0.00654603263664843 0.0814682387019394 0.0684721696668288 0.012137149792657 0.136549840691853
"rettung" 0 0 0.00126194908035461 0 0.00806289054626083 0 0.000563250178831932 0.00329288572040107 0.00283598438790594 0.00061955565468446 0.000935147519521204 0.00226300663060943 0 0.00404571659755234 0.0013387239283515
"bleiben" 0.0457439103419357 0.0163871743049107 0.0293403161182446 0.00832847505621721 0.048377343277565 0.0283424802246786 0.016897505364958 0.0246966429030081 0.0148889180365062 0.0185866696405338 0.0177678028709029 0.0294190861979226 0.0252265888246212 0.0485485991706281 0.0696136442742778
"erhielt" 0.0114359775854839 0.00273119571748511 0.00694071994195034 0.0166569501124344 0.0161257810925217 0.00772976733400325 0.00225300071532773 0.00987865716120322 0.0106349414546473 0.0136302244030581 0.0149623603123393 0.015841046414266 0.0144151936140692 0.0222514412865379 0.0294519264237329
"nähe" 0.00381199252849464 0.0163871743049107 0.00157743635044326 0.00832847505621721 0.00403144527313042 0.0154595346680065 0.00619575196715125 0.00493932858060161 0.0152434160849945 0.00185866696405338 0.000935147519521204 0 0.00360379840351731 0.0182057246889855 0.0013387239283515
"entschluß" 0.00381199252849464 0 0.00473230905132978 0 0.00403144527313042 0 0.00394275125182352 0.0395146286448129 0.00425397658185892 0.0130106687483737 0.0102866227147332 0.0226300663060943 0.0144151936140692 0.012137149792657 0.010709791426812
"nennen" 0.00762398505698929 0.0136559785874256 0.0233460579865602 0.0166569501124344 0.0120943358193913 0.00772976733400325 0.00901200286131091 0.0131715428816043 0.00886245121220608 0.014869335712427 0.0224435404685089 0.0113150331530471 0.0162170928158279 0.0222514412865379 0.013387239283515
"fand" 0.102923798269355 0.0273119571748511 0.0567877086159573 0.0333139002248688 0.0161257810925217 0.0360722475586818 0.00957525304014284 0.0724434858488236 0.0389947853337067 0.0377928949357521 0.0626548838079207 0.0203670596754848 0.0270284880263798 0.058662890664509 0.0455166135639508
"güte" 0.0114359775854839 0.0109247828699405 0.0078871817522163 0.00832847505621721 0.00806289054626083 0 0.00281625089415966 0.0312824143438102 0.00638096487278838 0.0117715574390047 0.00654603263664843 0.0497861458734074 0.0756797664738635 0.00202285829877617 0.0307906503520844
"gegenstand" 0 0.0109247828699405 0.00410133451115248 0 0 0.0103063564453377 0.00450600143065545 0.0164644286020054 0.00638096487278838 0.0297386714248541 0.0130920652732969 0.00678901989182828 0.0270284880263798 0.0465257408718519 0.0240970307103269
"erhalten" 0.0190599626424732 0 0.0129349780736347 0 0.00806289054626083 0.0154595346680065 0.0118282537554706 0.0362217429244118 0.0152434160849945 0.0427493401732278 0.0448870809370178 0.0611011790264545 0.0702740688685875 0.0445028825730758 0.0441778896355993
"tagen" 0.00762398505698929 0.0409679357622767 0.0107265671830142 0.0249854251686516 0.00806289054626083 0.00515317822266883 0.0129547541131344 0.00493932858060161 0.00921694926069432 0.0167280026764804 0.0187029503904241 0.031682092828532 0.0270284880263798 0.00809143319510468 0.0415004417788964
"o" 0.110547783326345 0.0846670672420386 0.078871817522163 0.124927125843258 0.108849022374521 0.113369920898714 0.0444967641277226 0.0131715428816043 0.0854340296856666 0.0185866696405338 0.0205732454294665 0.253456742628256 0.0738778672721048 0.00404571659755234 0.392246111006988
"glück" 0.0381199252849464 0.024580761457366 0.0182982616651418 0 0.0201572263656521 0.0180361237793409 0.0242197576897731 0.0922008001712301 0.0471482404489363 0.0359342279716987 0.0102866227147332 0.101835298377424 0.088293060886174 0.00404571659755234 0.136549840691853
"mut" 0.0266839476994625 0.0218495657398809 0.00883364356248225 0.0249854251686516 0.0282201169119129 0.00772976733400325 0.0101385032189748 0.0148179857418048 0.00886245121220608 0.0167280026764804 0.00561088511712723 0.0113150331530471 0.0108113952105519 0.0161828663902094 0.00535489571340598
"schwieg" 0.00381199252849464 0.0136559785874256 0.00126194908035461 0 0 0 0.00675900214598318 0.00493932858060161 0.00638096487278838 0.00123911130936892 0.00374059007808482 0.00905202652243771 0.00540569760527596 0.00202285829877617 0.0160646871402179
"amalie" 0 0 0.000315487270088652 0 0 0 0 0 0 0 0 0 0 0 0
"längst" 0.0114359775854839 0.0218495657398809 0.00441682178124113 0.0166569501124344 0.0161257810925217 0.00772976733400325 0.0197137562591176 0 0.0173704043759239 0.00433688958279122 0.00187029503904241 0 0 0.0101142914938809 0.00803234357010897
"dieß" 0 0 0.137236962488564 0 0 0 0 0 0.0400582794791715 0 0.111282554823023 0 0 0 0.00535489571340598
"mochte" 0.0152479701139786 0.0300431528923363 0.00567877086159573 0.0166569501124344 0.0241886716387825 0.00772976733400325 0.00732225232481511 0.00658577144080215 0.0120529336486003 0.0105324461296358 0.0149623603123393 0.00678901989182828 0.00540569760527596 0.0748457570547183 0
"niemand" 0.0304959402279572 0.0273119571748511 0.0293403161182446 0 0.0161257810925217 0.0103063564453377 0.041117263054731 0.0164644286020054 0.00921694926069432 0.024162670532694 0.0158975078318605 0.0294190861979226 0.0450474800439663 0.0182057246889855 0
"überall" 0 0.0109247828699405 0.021768621636117 0.0333139002248688 0.0604716790969563 0.0154595346680065 0.0152077548284622 0.00329288572040107 0.0074444590182531 0.00061955565468446 0.0121569177537757 0.00452601326121886 0.00540569760527596 0.0101142914938809 0.0013387239283515
"überzeugt" 0.00381199252849464 0 0.00599425813168439 0 0 0 0.00112650035766386 0.0296359714836097 0.00708996096976486 0.0117715574390047 0.0121569177537757 0.00905202652243771 0.0234246896228625 0.0141600080914332 0.0147259632118664
"darf" 0.0152479701139786 0.0655486972196428 0.0236615452566489 0 0.00806289054626083 0.0180361237793409 0.0259095082262689 0.00823221430100268 0.0315503263154536 0.00557600089216014 0.0112217702342545 0.0181040530448754 0.0180189920175865 0.0222514412865379 0.0535489571340598
"seele" 0.0190599626424732 0.0491615229147321 0.0905448465154431 0.124927125843258 0.173352146744608 0.030919069336013 0.103638032905075 0.0263430857632086 0.0567196877581189 0.133204465757159 0.0991256370692477 0.260245762520084 0.153161432149486 0.024274299585314 0.117807705694932
"möchte" 0.0190599626424732 0.0327743486098214 0.021768621636117 0.0666278004497377 0.0282201169119129 0.0463786040040195 0.00394275125182352 0.0246966429030081 0.0414762716731244 0.0408906732091744 0.0205732454294665 0.0814682387019394 0.0558588752545183 0.0525943157681804 0.0307906503520844
"augenblick" 0.0762398505698929 0.0655486972196428 0.0189292362053191 0.0166569501124344 0.0443458980044346 0.0283424802246786 0.00732225232481511 0.102079457332433 0.024814863394177 0.0731075672527663 0.0514331135736662 0.0452601326121886 0.046849379245725 0.0525943157681804 0.0240970307103269
"wandte" 0 0.0218495657398809 0.00630974540177304 0 0 0.0128829455566721 0.00394275125182352 0.021403757182607 0 0.00433688958279122 0.00561088511712723 0.00905202652243771 0.00720759680703461 0.00404571659755234 0.00803234357010897
"retten" 0 0 0.00315487270088652 0.00832847505621721 0.0161257810925217 0 0.00225300071532773 0.00329288572040107 0.0049629726788354 0.00185866696405338 0.00748118015616964 0.00226300663060943 0.00360379840351731 0.0202285829877617 0.00401617178505449
"zuvor" 0 0.0218495657398809 0.0138814398839007 0.0249854251686516 0.00403144527313042 0.0128829455566721 0.000563250178831932 0.00164644286020054 0.00779895706674135 0.0061955565468446 0.0102866227147332 0.00452601326121886 0.00180189920175865 0.00404571659755234 0.013387239283515
"beschäftigt" 0.00381199252849464 0.0109247828699405 0.00157743635044326 0.0166569501124344 0 0.00515317822266883 0 0.00493932858060161 0.00177249024244122 0.00185866696405338 0.00654603263664843 0.00226300663060943 0.00900949600879327 0.0141600080914332 0.0013387239283515
"erwarten" 0.00762398505698929 0.0163871743049107 0.00347035997097517 0.0249854251686516 0.0161257810925217 0.00515317822266883 0.00788550250364705 0.0263430857632086 0.0127619297455768 0.0198257809499027 0.0177678028709029 0.00452601326121886 0.00720759680703461 0.0161828663902094 0.013387239283515
"kann" 0.129607745968818 0.120172611569345 0.268479666845443 0.166569501124344 0.233823825841564 0.152018757568731 0.150387797748126 0.103725900192634 0.173704043759239 0.129487131829052 0.105671669705896 0.165199484034488 0.165774726561796 0.210377263072722 0.249002650673378
"wahrscheinlich" 0.00762398505698929 0.00546239143497023 0.00126194908035461 0 0 0.0103063564453377 0.00337950107299159 0.00164644286020054 0.00992594535767081 0.00743466785621352 0.0112217702342545 0.00226300663060943 0 0.00202285829877617 0
"helfen" 0.0114359775854839 0.00546239143497023 0.00725620721203899 0.0249854251686516 0.00403144527313042 0.00257658911133442 0.00563250178831932 0.0296359714836097 0.010280443406159 0.00991289047495137 0.0112217702342545 0.0226300663060943 0.0162170928158279 0.00404571659755234 0.0147259632118664
"krankheit" 0.00381199252849464 0.00546239143497023 0.0151433889642553 0 0 0.00257658911133442 0.00450600143065545 0.00329288572040107 0.010280443406159 0.00185866696405338 0.000935147519521204 0.0113150331530471 0.00720759680703461 0.00202285829877617 0.00535489571340598
"allem" 0 0.0355055443273065 0.0309177524686879 0.108270175730824 0.0725660149163475 0.00257658911133442 0.0157710050072941 0.0246966429030081 0.0184338985213886 0.0439884514825967 0.0561088511712723 0.047523139242798 0.0324341856316558 0.0384343076767472 0.0147259632118664
"unsers" 0 0 0.00252389816070922 0.0499708503373032 0.00806289054626083 0 0.00957525304014284 0 0.0194973926668534 0.0508035636841257 0.0168326553513817 0.0429971259815791 0.041443681640449 0.00404571659755234 0.0147259632118664
"ihrem" 0.0686158655129036 0.071011088654613 0.0567877086159573 0.0916132256183893 0.10078613182826 0.0463786040040195 0.0726592730693192 0.0526861715264172 0.116275359904144 0.0885964586198778 0.0860335717959508 0.19688157686302 0.169378524965313 0.09507434004248 0.214195828536239
"liebe" 0.0952998132123661 0.11744141585186 0.142915733350159 0.14991255101191 0.29429550493852 0.139135812012058 0.10194828236858 0.195926700363864 0.062746154582419 0.194540475570921 0.0907093093935568 0.248930729367037 0.198208912193452 0.0869829068473753 0.435085276714236
"unserm" 0.0152479701139786 0 0.0201911852856737 0 0.0322515621850433 0.0103063564453377 0.00281625089415966 0.00164644286020054 0.0244603653456888 0.0278800044608007 0.0168326553513817 0.015841046414266 0.0198208912193452 0.00202285829877617 0.0240970307103269
"einander" 0.0381199252849464 0.00273119571748511 0.0274473924977127 0.00832847505621721 0.0443458980044346 0.0592615495606916 0.0185872559014537 0.00164644286020054 0.0503387228853305 0.0508035636841257 0.045822228456539 0.00452601326121886 0.00720759680703461 0.0546171740669566 0.0281132024953814
"schmerz" 0.0114359775854839 0.0382367400447916 0.020822159825851 0.0499708503373032 0.0161257810925217 0.0154595346680065 0.0214035067956134 0.0559790572468183 0.00425397658185892 0.0136302244030581 0.00374059007808482 0.0226300663060943 0.00720759680703461 0.00404571659755234 0.0629200246325203
"namen" 0.0190599626424732 0.0163871743049107 0.042590781461968 0.0333139002248688 0.0685345696432171 0.0386488366700162 0.0416805132335629 0.0362217429244118 0.0294233380245242 0.0340755610076453 0.0598494412493571 0.0226300663060943 0.0306322864298971 0.00809143319510468 0.0361455460654904
"mädchen" 0.0952998132123661 0.0983230458294641 0.0334416506293971 0.041642375281086 0.0846603507357388 0.00515317822266883 0.0202770064379495 0.0592719429672193 0.0521112131277717 0.014869335712427 0.0112217702342545 0.104098305008034 0.0738778672721048 0.0222514412865379 0.0937106749846047
"treuen" 0 0 0.00189292362053191 0 0 0 0.00225300071532773 0.00164644286020054 0.00106349414546473 0 0 0.00905202652243771 0.0126132944123106 0 0
"vieles" 0 0.0109247828699405 0.00757169448212765 0 0.0241886716387825 0.00257658911133442 0.00450600143065545 0.00164644286020054 0.0120529336486003 0.00681511220152906 0.00280544255856361 0.00905202652243771 0.00900949600879327 0.00202285829877617 0.0013387239283515
"schritte" 0.00381199252849464 0.0355055443273065 0.00283938543079787 0.0166569501124344 0.00403144527313042 0.0154595346680065 0.0101385032189748 0.0312824143438102 0.0109894395031355 0.00123911130936892 0.00467573759760602 0.0113150331530471 0.00720759680703461 0.00809143319510468 0.00937106749846047
"willen" 0.00762398505698929 0.0218495657398809 0.0173517998548759 0.0333139002248688 0.0362830074581738 0.0154595346680065 0.016897505364958 0.0164644286020054 0.0148889180365062 0.0154888913671115 0.036470753261327 0.0203670596754848 0.0180189920175865 0.0384343076767472 0.0307906503520844
"oheim" 0 0.0163871743049107 0 0 0 0 0.000563250178831932 0 0.00283598438790594 0 0 0.0181040530448754 0.00540569760527596 0 0.00535489571340598
"ach" 0.312583387336561 0.0846670672420386 0.0129349780736347 0.0916132256183893 0.0685345696432171 0.0360722475586818 0.0501292659160419 0.0707970429886231 0.0730265979885781 0.00371733392810676 0.000935147519521204 0.0294190861979226 0.00360379840351731 0.00202285829877617 0.14324346033361
"sank" 0.0228719551709679 0.0109247828699405 0.00410133451115248 0 0.00403144527313042 0.00772976733400325 0.00957525304014284 0.00329288572040107 0.00212698829092946 0.0030977782734223 0.00467573759760602 0.0113150331530471 0.00360379840351731 0.00202285829877617 0.0147259632118664
"vaters" 0.00762398505698929 0 0.0359655487901063 0.00832847505621721 0 0.00515317822266883 0.00337950107299159 0.021403757182607 0.00673546292127662 0.00867377916558244 0.0187029503904241 0.0135780397836566 0.0324341856316558 0.00606857489632851 0.0348068221371389
"gespräch" 0.0152479701139786 0.0300431528923363 0.00630974540177304 0.00832847505621721 0.00403144527313042 0.00515317822266883 0.00619575196715125 0.00493932858060161 0.010280443406159 0.00743466785621352 0.00187029503904241 0.00226300663060943 0.00540569760527596 0.00404571659755234 0.00535489571340598
"finden" 0.0190599626424732 0.0655486972196428 0.0302867779285106 0.0999417006746065 0.0282201169119129 0.030919069336013 0.0129547541131344 0.046100400085615 0.0283598438790594 0.0768249011808731 0.0626548838079207 0.0429971259815791 0.0324341856316558 0.0485485991706281 0.0655974724892233
"freundes" 0 0.0546239143497023 0.00157743635044326 0.00832847505621721 0.00806289054626083 0 0.0157710050072941 0.00823221430100268 0.0155979141334827 0.0185866696405338 0.00654603263664843 0.00678901989182828 0.0252265888246212 0.00202285829877617 0.00803234357010897
"schmerzlich" 0 0.0191183700223958 0.000946461810265956 0 0 0 0.00281625089415966 0.00164644286020054 0 0 0.000935147519521204 0.00226300663060943 0 0 0
"gabriele" 0 0 0 0 0 0 0 0 0 0 0 0 0 0 0
"fragen" 0.00762398505698929 0.0136559785874256 0.0220841089062056 0.00832847505621721 0.0241886716387825 0.00515317822266883 0.0135180042919664 0.0148179857418048 0.0159524121819709 0.0142497800577426 0.0215083929489877 0.0271560795673131 0.0216227904211038 0.00404571659755234 0.00669361964175748
"kenne" 0.0190599626424732 0.024580761457366 0.00694071994195034 0.00832847505621721 0.00403144527313042 0.00515317822266883 0.00619575196715125 0.0131715428816043 0.00992594535767081 0.00743466785621352 0.00280544255856361 0.0203670596754848 0.0216227904211038 0.00809143319510468 0.0174034110685694
"deines" 0 0.00546239143497023 0.0116730289932801 0.0249854251686516 0.00403144527313042 0.00515317822266883 0.00506925160948739 0.00493932858060161 0.0173704043759239 0.0061955565468446 0.0158975078318605 0.00678901989182828 0.0126132944123106 0 0.0214195828536239
"erschien" 0.00381199252849464 0.0218495657398809 0.00315487270088652 0.0249854251686516 0.00403144527313042 0.0154595346680065 0.0118282537554706 0.0510397286662166 0.00815345511522959 0.0030977782734223 0.0215083929489877 0 0.00180189920175865 0.0182057246889855 0.00401617178505449
"leidenschaft" 0.00381199252849464 0 0.000946461810265956 0 0.0161257810925217 0 0.000563250178831932 0.0263430857632086 0.00460847463034716 0.0359342279716987 0.0130920652732969 0.0248930729367037 0.0396417824386904 0.012137149792657 0.0468553374923023
"neigung" 0 0.00273119571748511 0.00441682178124113 0 0 0 0.000563250178831932 0.021403757182607 0.00177249024244122 0.0123911130936892 0.00374059007808482 0.031682092828532 0.0270284880263798 0.00404571659755234 0.010709791426812
"schicksal" 0.00762398505698929 0.00819358715245535 0.00315487270088652 0.0166569501124344 0.00806289054626083 0.0128829455566721 0.0185872559014537 0.0707970429886231 0.00815345511522959 0.00867377916558244 0.0121569177537757 0.0678901989182828 0.0324341856316558 0.0546171740669566 0.0240970307103269
"zweifel" 0 0.00819358715245535 0.0129349780736347 0 0.00403144527313042 0.00257658911133442 0.000563250178831932 0.00658577144080215 0.0074444590182531 0.0284995601154852 0.0271192780661149 0.0113150331530471 0.00900949600879327 0.0101142914938809 0.00669361964175748
"neuem" 0.00762398505698929 0.0109247828699405 0.00157743635044326 0 0.0282201169119129 0.0128829455566721 0.00563250178831932 0.0148179857418048 0.00177249024244122 0.00247822261873784 0.00374059007808482 0.00226300663060943 0.00180189920175865 0.0101142914938809 0
"betrachtete" 0.00381199252849464 0.024580761457366 0 0 0 0.00257658911133442 0 0.0115251000214038 0.00354498048488243 0.00557600089216014 0.0121569177537757 0.0113150331530471 0.0144151936140692 0.00606857489632851 0.00669361964175748
"dürfen" 0 0.0109247828699405 0.00662523267186169 0 0.00403144527313042 0.0103063564453377 0.00675900214598318 0.00823221430100268 0.00531747072732365 0.00681511220152906 0.00654603263664843 0.00678901989182828 0.00360379840351731 0.012137149792657 0.013387239283515
"laut" 0.0190599626424732 0.00819358715245535 0.0141969271539893 0.0333139002248688 0.0201572263656521 0.0154595346680065 0.00788550250364705 0.00493932858060161 0.0163069102304592 0.00123911130936892 0.00654603263664843 0.00226300663060943 0.00540569760527596 0.00404571659755234 0.00669361964175748
"durfte" 0 0.00273119571748511 0.00378584724106382 0 0 0.00257658911133442 0.0101385032189748 0.0131715428816043 0.00531747072732365 0.00371733392810676 0.00374059007808482 0.00452601326121886 0.00180189920175865 0.00202285829877617 0
"wagen" 0.0381199252849464 0.0136559785874256 0.0132504653437234 0.0166569501124344 0.0161257810925217 0.00515317822266883 0.00844875268247898 0.0757363715692247 0.0361588009458008 0.00867377916558244 0.00654603263664843 0.00678901989182828 0.00900949600879327 0.00809143319510468 0.0174034110685694
"meiner" 0.0800518430983875 0.0873982629595237 0.105057260939521 0.20821187640543 0.116911912920782 0.13398263378939 0.0478762652007142 0.3062383719973 0.281825948548153 0.0985093490948292 0.261841305465937 0.617800810156374 0.315332360307764 0.224537271164155 0.184743902112506
"lebte" 0 0.0218495657398809 0.0116730289932801 0.0249854251686516 0 0.00515317822266883 0.00563250178831932 0.00658577144080215 0.00389947853337067 0.00929333482026691 0.0177678028709029 0.00452601326121886 0.00360379840351731 0.0182057246889855 0.010709791426812
"schweigen" 0 0.00273119571748511 0.00126194908035461 0 0 0 0.00394275125182352 0.0197573143224064 0.00177249024244122 0.00247822261873784 0.00374059007808482 0.00905202652243771 0.0108113952105519 0 0.00803234357010897
"auge" 0.0266839476994625 0.103785437264434 0.0555257595356027 0.124927125843258 0.0604716790969563 0.0206127128906753 0.0416805132335629 0.00164644286020054 0.0304868321699889 0.00805422351089798 0.00561088511712723 0.0135780397836566 0.0216227904211038 0.0101142914938809 0.0441778896355993
"gesehen" 0.0952998132123661 0.0655486972196428 0.0413288323816134 0.0166569501124344 0.00806289054626083 0.0128829455566721 0.0157710050072941 0.0279895286234091 0.0173704043759239 0.0458471184466501 0.036470753261327 0.031682092828532 0.0558588752545183 0.012137149792657 0.0294519264237329
"freute" 0.0114359775854839 0.00273119571748511 0.00946461810265956 0.0499708503373032 0 0.00515317822266883 0.000563250178831932 0.00164644286020054 0.0074444590182531 0 0.000935147519521204 0.015841046414266 0.00360379840351731 0.00202285829877617 0
"deshalb" 0 0.00273119571748511 0 0 0 0.0592615495606916 0.00788550250364705 0.0312824143438102 0.000354498048488243 0.00123911130936892 0 0 0 0.0182057246889855 0.00267744785670299
"beruhigen" 0 0.00546239143497023 0.00378584724106382 0 0 0 0.00112650035766386 0.00493932858060161 0.00319048243639419 0.0030977782734223 0.00280544255856361 0.00678901989182828 0.00540569760527596 0 0.00401617178505449
"wirklich" 0.0343079327564518 0.0382367400447916 0.0318642142789538 0.0499708503373032 0.00403144527313042 0.0515317822266883 0.0264727584051008 0.0395146286448129 0.0166614082789474 0.00433688958279122 0.0467573759760602 0.0203670596754848 0.0144151936140692 0.0384343076767472 0.00937106749846047
"spät" 0.0152479701139786 0.0163871743049107 0.00504779632141843 0.00832847505621721 0.00806289054626083 0.00257658911133442 0.0152077548284622 0.0181108714622059 0.00992594535767081 0.00185866696405338 0.00280544255856361 0.00678901989182828 0.00540569760527596 0.00404571659755234 0.013387239283515
"frau" 0.114359775854839 0.152946960179166 0.0990630028078367 0 0.0524087885506954 0.00515317822266883 0.122788538985361 0.0148179857418048 0.02623285558813 0.00805422351089798 0.0168326553513817 0.138043404467175 0.126132944123106 0.024274299585314 0.175372834614046
"unschuld" 0 0 0.00914913083257091 0.00832847505621721 0.0765974601894779 0 0.00281625089415966 0.00329288572040107 0.0265873536366182 0.0223040035686406 0.0187029503904241 0.0181040530448754 0.00720759680703461 0.0182057246889855 0.0187421349969209
"tone" 0.0266839476994625 0 0.00126194908035461 0 0 0.00257658911133442 0.00844875268247898 0.00329288572040107 0.00460847463034716 0.00061955565468446 0.0149623603123393 0.00678901989182828 0.00720759680703461 0 0.0227583067819754
"teure" 0 0 0.00189292362053191 0 0 0.00515317822266883 0.00112650035766386 0.00658577144080215 0.00141799219395297 0.00061955565468446 0.00187029503904241 0.0203670596754848 0.0162170928158279 0.0101142914938809 0.0120485153551635
"verbergen" 0.00762398505698929 0.00546239143497023 0.00252389816070922 0 0 0.00257658911133442 0.00281625089415966 0.0115251000214038 0.00212698829092946 0.024162670532694 0.00748118015616964 0.0135780397836566 0.0108113952105519 0.00404571659755234 0.010709791426812
"entzücken" 0.0343079327564518 0.0109247828699405 0.000630974540177304 0 0.0120943358193913 0 0.00281625089415966 0.00329288572040107 0.00779895706674135 0.00433688958279122 0.00654603263664843 0 0.00360379840351731 0.00202285829877617 0.0267744785670299
"ansehen" 0.0114359775854839 0.0109247828699405 0.0173517998548759 0 0.0322515621850433 0.00772976733400325 0.00563250178831932 0.00493932858060161 0.00921694926069432 0.0489448967200724 0.0289895731051573 0.0362081060897508 0.0324341856316558 0.00202285829877617 0.00803234357010897
"lächelnd" 0.00762398505698929 0.046430327197247 0.00126194908035461 0.0499708503373032 0.00806289054626083 0.00772976733400325 0.00337950107299159 0.00329288572040107 0.011698435600112 0.0030977782734223 0.0112217702342545 0.00905202652243771 0.00360379840351731 0 0.0187421349969209
"sah" 0.152479701139786 0.226689244551265 0.0895983847051771 0.14991255101191 0.048377343277565 0.0438020148926851 0.0720960228904873 0.0872614715906284 0.0900425043160137 0.0644337880871839 0.0654603263664843 0.0973092851162054 0.12072724651783 0.0465257408718519 0.00401617178505449
"bemerkte" 0.0152479701139786 0.0327743486098214 0.0126194908035461 0 0.00403144527313042 0.0103063564453377 0.00563250178831932 0.0329288572040107 0.0074444590182531 0.00371733392810676 0.00467573759760602 0.0135780397836566 0.0144151936140692 0.00606857489632851 0.0214195828536239
"fremd" 0 0.00819358715245535 0.00126194908035461 0.0333139002248688 0.00403144527313042 0.00257658911133442 0.000563250178831932 0 0.00460847463034716 0.00123911130936892 0.00374059007808482 0 0.00360379840351731 0.0202285829877617 0.00401617178505449
"mitleid" 0.00762398505698929 0.00546239143497023 0.000946461810265956 0 0 0.00257658911133442 0.000563250178831932 0.0279895286234091 0.00354498048488243 0 0 0 0 0.00202285829877617 0.00401617178505449
"empfindungen" 0.0228719551709679 0.00273119571748511 0.00378584724106382 0 0.0241886716387825 0.00257658911133442 0.0016897505364958 0.0164644286020054 0.0283598438790594 0.0433688958279122 0.00748118015616964 0.0656271922876734 0.0540569760527596 0.0182057246889855 0.100404294626362
"läßt" 0.0152479701139786 0.0109247828699405 0.02807836703789 0.00832847505621721 0.0725660149163475 0.0334956584473474 0.00506925160948739 0.0115251000214038 0.0230423731517358 0.024162670532694 0.0289895731051573 0.00905202652243771 0.0180189920175865 0.0222514412865379 0.0401617178505449
"ergriff" 0.0152479701139786 0.00819358715245535 0.00252389816070922 0 0.00403144527313042 0.0154595346680065 0.00619575196715125 0.00987865716120322 0.00957144730918256 0.00185866696405338 0.00561088511712723 0.00452601326121886 0 0.00404571659755234 0.0174034110685694
"zustand" 0 0.00273119571748511 0.00126194908035461 0 0.0120943358193913 0.00257658911133442 0.00281625089415966 0.0312824143438102 0.00319048243639419 0.0297386714248541 0.0177678028709029 0.00226300663060943 0.00180189920175865 0.0323657327804187 0.00535489571340598
"schutz" 0 0 0.00189292362053191 0 0.00403144527313042 0 0.000563250178831932 0.00493932858060161 0.00815345511522959 0.0105324461296358 0.00280544255856361 0.0203670596754848 0.00720759680703461 0 0
"jungen" 0.0228719551709679 0.0983230458294641 0.0189292362053191 0.0333139002248688 0.0161257810925217 0.00772976733400325 0.0107017533978067 0.0230502000428075 0.0223333770547593 0.0408906732091744 0.0374059007808482 0.0294190861979226 0.0306322864298971 0.0262971578840902 0.0374842699938419
"ausdruck" 0.00381199252849464 0.00273119571748511 0.0164053380446099 0 0.00403144527313042 0.00772976733400325 0.00281625089415966 0.0131715428816043 0.00779895706674135 0.0185866696405338 0.00748118015616964 0.0248930729367037 0.0396417824386904 0.0101142914938809 0.00937106749846047
"umgebungen" 0 0.00819358715245535 0 0 0 0.00257658911133442 0 0 0 0 0 0 0 0 0
"ruhig" 0.0190599626424732 0.00546239143497023 0.0104110799129255 0.0166569501124344 0.00806289054626083 0.0206127128906753 0.0107017533978067 0.0329288572040107 0.0127619297455768 0.00929333482026691 0.0102866227147332 0.0339450994591414 0.0216227904211038 0.012137149792657 0.0321293742804359
"gabrielens" 0 0 0 0 0 0 0 0 0 0 0 0 0 0 0
"ängstlich" 0.0228719551709679 0.0218495657398809 0.000946461810265956 0.00832847505621721 0.00403144527313042 0.00515317822266883 0.00281625089415966 0 0.00354498048488243 0 0.000935147519521204 0.00452601326121886 0.00180189920175865 0.00202285829877617 0
"gott" 0.0914878206838715 0.0764734800895832 0.329053222702464 0.041642375281086 0.0645031243700867 0.0669913168946948 0.0399907626970672 0.0181108714622059 0.11308487746775 0.0154888913671115 0.0177678028709029 0.11767634479169 0.0504531776492423 0.0141600080914332 0.0428391657072478
"meinigen" 0.0571798879274197 0.00546239143497023 0.00536328359150708 0 0.00403144527313042 0.0103063564453377 0.0016897505364958 0.0181108714622059 0.0244603653456888 0.00371733392810676 0.0168326553513817 0.0203670596754848 0.0162170928158279 0.00809143319510468 0.0147259632118664
"loos" 0 0 0.000630974540177304 0 0 0 0 0 0.0024814863394177 0 0.00467573759760602 0 0 0 0.0120485153551635
"wiederholte" 0.00762398505698929 0.0109247828699405 0.00536328359150708 0 0 0 0.00619575196715125 0.0148179857418048 0.00957144730918256 0.00123911130936892 0.00187029503904241 0.00226300663060943 0.00720759680703461 0.00404571659755234 0
"drückte" 0.10673579079785 0.0436991314797618 0.00630974540177304 0.0166569501124344 0.00806289054626083 0.00772976733400325 0.0270360085839327 0.00329288572040107 0.0127619297455768 0.00247822261873784 0.00654603263664843 0.0226300663060943 0.0162170928158279 0.00606857489632851 0.0495327853490053
"bewunderung" 0.00381199252849464 0.00273119571748511 0.000315487270088652 0 0.00403144527313042 0 0.00112650035766386 0.00493932858060161 0.0074444590182531 0.00743466785621352 0.00467573759760602 0.00226300663060943 0.00720759680703461 0.00202285829877617 0.0120485153551635
"lächeln" 0.0152479701139786 0.0327743486098214 0.00252389816070922 0.0333139002248688 0.0120943358193913 0.0206127128906753 0.00563250178831932 0.00329288572040107 0.00850795316371783 0.0111520017843203 0.00841632767569084 0.0248930729367037 0.00900949600879327 0.00202285829877617 0.0174034110685694
"benehmen" 0.00381199252849464 0 0.000315487270088652 0 0 0 0.000563250178831932 0.00493932858060161 0.0049629726788354 0.00495644523747568 0.00841632767569084 0 0.00360379840351731 0.00202285829877617 0.00267744785670299
"unmöglich" 0.0381199252849464 0.00546239143497023 0.00599425813168439 0.0249854251686516 0.0161257810925217 0 0.00957525304014284 0.0345753000642113 0.0124074316970885 0.0278800044608007 0.0327301631832422 0.015841046414266 0.0288303872281385 0.0424800242742996 0.0147259632118664
"gabrielen" 0 0 0 0 0 0 0 0 0 0 0 0 0 0 0
"wenigen" 0 0.024580761457366 0.00473230905132978 0 0.00403144527313042 0.00515317822266883 0.0112650035766386 0.00823221430100268 0.00673546292127662 0.0254017818420629 0.0112217702342545 0.00905202652243771 0.00900949600879327 0.00606857489632851 0.00937106749846047
"dame" 0.0419319178134411 0.109247828699405 0.00283938543079787 0 0 0.00772976733400325 0.00225300071532773 0.0148179857418048 0.014534419988018 0.0297386714248541 0.0168326553513817 0.0882572585937677 0.0666702704650702 0.00202285829877617 0.0013387239283515
"opfer" 0 0 0.00220841089062056 0 0.00806289054626083 0 0.00337950107299159 0.00329288572040107 0.0024814863394177 0.00433688958279122 0.0102866227147332 0.00678901989182828 0.00720759680703461 0.00202285829877617 0.013387239283515
"lies" 0.00762398505698929 0.00273119571748511 0.00126194908035461 0 0 0.00515317822266883 0 0 0.000354498048488243 0 0 0.00226300663060943 0.00180189920175865 0 0
"gehört" 0.0343079327564518 0.0327743486098214 0.0438527305423226 0.0166569501124344 0.0161257810925217 0.0180361237793409 0.00619575196715125 0.0164644286020054 0.0205608868123181 0.0173475583311649 0.0196380979099453 0.0113150331530471 0.0270284880263798 0.0202285829877617 0.0200808589252724
"fest" 0.00762398505698929 0.0191183700223958 0.0148279016941666 0.0166569501124344 0.0201572263656521 0.0386488366700162 0.0230932573321092 0.0148179857418048 0.0251693614426653 0.00867377916558244 0.00654603263664843 0.015841046414266 0.00540569760527596 0.0141600080914332 0.00937106749846047
"lernen" 0.0114359775854839 0.00546239143497023 0.0154588762343439 0 0 0.0154595346680065 0.0016897505364958 0 0.00850795316371783 0.00805422351089798 0.0121569177537757 0.00905202652243771 0.0216227904211038 0.0222514412865379 0.0174034110685694
"erinnerung" 0 0.0355055443273065 0.00378584724106382 0.00832847505621721 0.00403144527313042 0.0180361237793409 0.00450600143065545 0.0181108714622059 0.013116427794065 0.0123911130936892 0.00561088511712723 0.0294190861979226 0.00360379840351731 0.00606857489632851 0.0120485153551635
"geliebte" 0.00762398505698929 0.00819358715245535 0.00283938543079787 0.0249854251686516 0 0.00772976733400325 0.0107017533978067 0.0543326143866177 0.00354498048488243 0.016108447021796 0.00280544255856361 0.0226300663060943 0.00540569760527596 0.00606857489632851 0.00401617178505449
"wissen" 0.0381199252849464 0.0600863057846725 0.0593116067766666 0.0166569501124344 0.116911912920782 0.0180361237793409 0.0281625089415966 0.0279895286234091 0.0411217736246362 0.0415102288638588 0.0346004582222846 0.0769422254407205 0.0756797664738635 0.0283200161828664 0.0240970307103269
"heimlichen" 0 0 0.000315487270088652 0.00832847505621721 0 0.00257658911133442 0.0016897505364958 0 0.00212698829092946 0.00495644523747568 0.00187029503904241 0.00226300663060943 0 0 0
"bewegung" 0.0152479701139786 0.00819358715245535 0.00883364356248225 0.0166569501124344 0.0120943358193913 0.0103063564453377 0.00450600143065545 0.00823221430100268 0.0152434160849945 0.0198257809499027 0.0102866227147332 0.0611011790264545 0.0576607744562769 0.0161828663902094 0.00535489571340598
"armen" 0.0343079327564518 0.0436991314797618 0.0186137489352305 0.041642375281086 0.0201572263656521 0.0231893020020097 0.0366112616240756 0.0296359714836097 0.0411217736246362 0.0223040035686406 0.0149623603123393 0.0678901989182828 0.0432455808422077 0.00404571659755234 0.0508715092773568
"deiner" 0.00381199252849464 0.0191183700223958 0.0220841089062056 0.0333139002248688 0.0564402338238258 0.0128829455566721 0.0202770064379495 0.0362217429244118 0.0428942638670774 0.0192062252952183 0.0682657689250479 0.0135780397836566 0.0270284880263798 0.00404571659755234 0.0709523682026292
"treue" 0 0.00273119571748511 0.00599425813168439 0 0.0201572263656521 0.00772976733400325 0.00675900214598318 0.0148179857418048 0.00673546292127662 0.00867377916558244 0.00467573759760602 0.00226300663060943 0.00360379840351731 0.00404571659755234 0.00535489571340598
"jedem" 0.00762398505698929 0.00273119571748511 0.0233460579865602 0.0916132256183893 0.0362830074581738 0.0180361237793409 0.032668510372252 0.0115251000214038 0.0333228165578948 0.0123911130936892 0.0252489830270725 0.015841046414266 0.0126132944123106 0.0202285829877617 0.0495327853490053
"fesseln" 0.00762398505698929 0.00546239143497023 0.000946461810265956 0.0166569501124344 0 0 0.000563250178831932 0.00823221430100268 0.00319048243639419 0.0061955565468446 0.00280544255856361 0.0113150331530471 0.00360379840351731 0.00809143319510468 0.0120485153551635
"für" 0.202035604010216 0.226689244551265 0.253336277881188 0.258182726742733 0.366861519854868 0.304037515137461 0.317109850682378 0.411610715050134 0.34705358946999 0.44731918268218 0.294571468649179 0.43449727307701 0.574805845361011 0.457165975523415 0.293180540308977
"verzeihen" 0.00762398505698929 0.00819358715245535 0.0085181562923936 0.00832847505621721 0.00403144527313042 0 0.00563250178831932 0.00823221430100268 0.000708996096976486 0.00185866696405338 0.00374059007808482 0.00226300663060943 0.00180189920175865 0.00809143319510468 0.0187421349969209
"einsamen" 0.00381199252849464 0.00819358715245535 0.000630974540177304 0.0249854251686516 0 0 0.00394275125182352 0.00164644286020054 0.00319048243639419 0.00123911130936892 0.00748118015616964 0.00905202652243771 0.00180189920175865 0 0.00401617178505449
"uebrigens" 0 0 0.00126194908035461 0 0 0 0 0 0.00106349414546473 0 0.00935147519521204 0 0 0 0.0013387239283515
"freundschaft" 0.0152479701139786 0.00273119571748511 0.00567877086159573 0.00832847505621721 0.0403144527313042 0.00257658911133442 0.0202770064379495 0.0329288572040107 0.0173704043759239 0.0396515618998055 0.00935147519521204 0.0588381723958451 0.0594626736580356 0.0364114493779711 0.0589038528474658
"züge" 0 0.0355055443273065 0.00410133451115248 0 0.00806289054626083 0.0128829455566721 0.00225300071532773 0.00164644286020054 0.00212698829092946 0.00805422351089798 0.00561088511712723 0.0135780397836566 0.0126132944123106 0.00202285829877617 0.0174034110685694
"innern" 0 0.00819358715245535 0.000630974540177304 0.00832847505621721 0.00806289054626083 0.0103063564453377 0.0123915039343025 0 0.0120529336486003 0.00247822261873784 0.0177678028709029 0.00452601326121886 0.00180189920175865 0.00202285829877617 0.00937106749846047
"gewohnten" 0 0.00273119571748511 0 0 0 0 0.000563250178831932 0.00329288572040107 0.000354498048488243 0 0.000935147519521204 0 0.00180189920175865 0 0
"blicken" 0 0.0355055443273065 0.00283938543079787 0.00832847505621721 0.00403144527313042 0.00772976733400325 0.00619575196715125 0.00823221430100268 0.0141799219395297 0.00371733392810676 0.00280544255856361 0.00678901989182828 0.00900949600879327 0.00404571659755234 0.0187421349969209
"scene" 0.00381199252849464 0 0.00441682178124113 0 0 0 0 0 0.00389947853337067 0.0136302244030581 0.00841632767569084 0 0 0.00606857489632851 0.00267744785670299
"damals" 0.00381199252849464 0.0491615229147321 0.00378584724106382 0.0499708503373032 0.0120943358193913 0.00772976733400325 0.0146445046496302 0.0115251000214038 0.0170159063274357 0.0340755610076453 0.0589142937298359 0.00678901989182828 0.00180189920175865 0.0182057246889855 0
"gewalt" 0.0190599626424732 0.00546239143497023 0.0078871817522163 0.00832847505621721 0.00806289054626083 0.00772976733400325 0.00337950107299159 0.021403757182607 0.013116427794065 0.0607164541590771 0.041146490858933 0.0678901989182828 0.0234246896228625 0.0465257408718519 0.00937106749846047
"geschick" 0 0.00546239143497023 0.000946461810265956 0 0 0 0.00337950107299159 0.0181108714622059 0.0024814863394177 0 0 0.00226300663060943 0 0.0182057246889855 0.00401617178505449
"krank" 0 0.0136559785874256 0.0119885162633688 0 0 0.00257658911133442 0.00281625089415966 0.00164644286020054 0.00141799219395297 0.00061955565468446 0.00187029503904241 0.0135780397836566 0.00720759680703461 0.00202285829877617 0.010709791426812
"verstand" 0.00381199252849464 0.0163871743049107 0.0302867779285106 0.00832847505621721 0.0161257810925217 0.0180361237793409 0.0123915039343025 0.0197573143224064 0.0226878751032476 0.00743466785621352 0.00935147519521204 0.0226300663060943 0.0270284880263798 0.0505714574694043 0.010709791426812
"unwillkührlich" 0.0190599626424732 0 0 0 0 0.0103063564453377 0 0 0 0 0 0 0 0 0.0160646871402179
"entfernte" 0.00762398505698929 0.00546239143497023 0.000630974540177304 0 0 0.00772976733400325 0.0016897505364958 0.00164644286020054 0.00638096487278838 0.0061955565468446 0.00748118015616964 0.00452601326121886 0.00900949600879327 0.00202285829877617 0.0187421349969209
"folgte" 0.0304959402279572 0.0218495657398809 0.00220841089062056 0.0166569501124344 0 0.00772976733400325 0.0016897505364958 0.0164644286020054 0.00389947853337067 0.00247822261873784 0.0102866227147332 0.00905202652243771 0.00540569760527596 0.0141600080914332 0.010709791426812
"gänzlich" 0.00381199252849464 0.0163871743049107 0.000630974540177304 0 0 0.00257658911133442 0.00450600143065545 0.00823221430100268 0.00141799219395297 0.0328364496982764 0.0261841305465937 0.00678901989182828 0.00720759680703461 0.00606857489632851 0.00535489571340598
"weinte" 0.00762398505698929 0.0273119571748511 0.0141969271539893 0 0 0.00257658911133442 0.00788550250364705 0.00329288572040107 0.00177249024244122 0.00123911130936892 0 0.0135780397836566 0.00180189920175865 0.00202285829877617 0.0321293742804359
"vorstellung" 0 0 0.00410133451115248 0 0.0161257810925217 0 0.00112650035766386 0.00493932858060161 0.00531747072732365 0.0198257809499027 0.0130920652732969 0.0181040530448754 0.0126132944123106 0.00404571659755234 0.00937106749846047
"gemahl" 0 0 0.00410133451115248 0 0.00403144527313042 0 0.0016897505364958 0 0.000708996096976486 0.00371733392810676 0.00374059007808482 0.0271560795673131 0.0162170928158279 0.0404571659755234 0.0013387239283515
"verließ" 0.0381199252849464 0.0300431528923363 0.00252389816070922 0.00832847505621721 0 0 0.00394275125182352 0.0181108714622059 0.013116427794065 0.00495644523747568 0.00935147519521204 0.00905202652243771 0.00180189920175865 0.00404571659755234 0.0374842699938419
"gerettet" 0.00762398505698929 0 0.00157743635044326 0 0.00403144527313042 0 0.00112650035766386 0.00164644286020054 0.00389947853337067 0 0.00280544255856361 0 0 0.00202285829877617 0.00267744785670299
"dinge" 0.00762398505698929 0.0136559785874256 0.021768621636117 0.0582993253935204 0.0403144527313042 0.0180361237793409 0.0152077548284622 0.0263430857632086 0.00850795316371783 0.0204453366045872 0.0495628185346238 0.00452601326121886 0 0.0202285829877617 0.00401617178505449
"kenntniß" 0 0 0.00126194908035461 0 0 0 0 0 0.00638096487278838 0 0.00935147519521204 0 0 0.00202285829877617 0.00267744785670299
"allmählig" 0.0152479701139786 0 0.00504779632141843 0 0 0.00515317822266883 0 0 0.000354498048488243 0 0 0 0 0.00202285829877617 0.0013387239283515
"pause" 0.0228719551709679 0 0.000315487270088652 0 0 0.0154595346680065 0.00112650035766386 0 0.00319048243639419 0.00061955565468446 0.00748118015616964 0 0 0 0.0428391657072478
"hörte" 0.0571798879274197 0.0273119571748511 0.0198756980155851 0.0582993253935204 0.0161257810925217 0.0283424802246786 0.0185872559014537 0.0329288572040107 0.0216243809577828 0.016108447021796 0.0233786879880301 0.015841046414266 0.0270284880263798 0.00606857489632851 0.0415004417788964
"konnten" 0.0114359775854839 0.0109247828699405 0.0107265671830142 0 0.0120943358193913 0.00772976733400325 0.0129547541131344 0.0246966429030081 0.010280443406159 0.0284995601154852 0.0233786879880301 0.0113150331530471 0.00540569760527596 0.0525943157681804 0.0174034110685694
"stillen" 0 0.0109247828699405 0.00410133451115248 0.0582993253935204 0.00403144527313042 0.00257658911133442 0.016897505364958 0.00164644286020054 0.014534419988018 0.00371733392810676 0.00374059007808482 0.00226300663060943 0 0.00404571659755234 0.00669361964175748
"freilich" 0.0343079327564518 0.0327743486098214 0.0485850395936524 0.0666278004497377 0.0362830074581738 0.0154595346680065 0.0444967641277226 0 0.0329683185094066 0.00805422351089798 0.0196380979099453 0.00226300663060943 0.00900949600879327 0.0222514412865379 0.00669361964175748
"vorüber" 0.0190599626424732 0.0163871743049107 0.00126194908035461 0.041642375281086 0 0.0283424802246786 0.00901200286131091 0 0.00531747072732365 0.00185866696405338 0.00748118015616964 0.00452601326121886 0.00180189920175865 0.0101142914938809 0.00535489571340598
"sonderbar" 0.00381199252849464 0.024580761457366 0.000315487270088652 0.0333139002248688 0.00403144527313042 0.0103063564453377 0.00506925160948739 0 0.010280443406159 0.00061955565468446 0.000935147519521204 0 0.00360379840351731 0.00404571659755234 0.0013387239283515
"freunde" 0.0228719551709679 0.0163871743049107 0.0397513960311701 0.00832847505621721 0.00806289054626083 0.00515317822266883 0.0287257591204285 0.0197573143224064 0.0205608868123181 0.0421297845185433 0.0205732454294665 0.0248930729367037 0.0288303872281385 0.0101142914938809 0.0307906503520844
"verzweiflung" 0.00381199252849464 0.00273119571748511 0.00189292362053191 0 0.00403144527313042 0.0128829455566721 0 0.042807514365214 0.00460847463034716 0.00681511220152906 0.00187029503904241 0.0203670596754848 0.00540569760527596 0.00606857489632851 0.00937106749846047
"bild" 0.0114359775854839 0.125635003004315 0.0167208253146986 0.0499708503373032 0.0362830074581738 0.00515317822266883 0.0107017533978067 0.00823221430100268 0.0177249024244122 0.0136302244030581 0.0205732454294665 0.031682092828532 0.0234246896228625 0.0101142914938809 0.0294519264237329
"verweilen" 0 0.00546239143497023 0 0 0 0 0.000563250178831932 0 0.00177249024244122 0.00123911130936892 0.00187029503904241 0 0 0.00809143319510468 0.00267744785670299
"eitelkeit" 0.0228719551709679 0.00273119571748511 0.00126194908035461 0 0.00403144527313042 0 0.00337950107299159 0.00329288572040107 0.00177249024244122 0.0247822261873784 0.00935147519521204 0.00678901989182828 0.0162170928158279 0.00606857489632851 0.00669361964175748
"gefahr" 0.00381199252849464 0.00546239143497023 0.00315487270088652 0.00832847505621721 0.0201572263656521 0.00515317822266883 0.00394275125182352 0.0197573143224064 0.0124074316970885 0.0204453366045872 0.0196380979099453 0.00226300663060943 0.00360379840351731 0.0141600080914332 0.00535489571340598
"flüsterte" 0.00762398505698929 0.0409679357622767 0 0.00832847505621721 0 0.00257658911133442 0 0.00164644286020054 0.00212698829092946 0.00123911130936892 0.00280544255856361 0 0 0 0
"können" 0.114359775854839 0.0901294586770088 0.109158595450674 0.0333139002248688 0.0886917960088692 0.0798742624513669 0.0675900214598318 0.130068985955842 0.077280574570437 0.181529806822547 0.115958292420629 0.126728371314128 0.104510153702002 0.14766865581066 0.151275803903719
"ertragen" 0 0.0136559785874256 0.00378584724106382 0 0.00403144527313042 0.00257658911133442 0.00450600143065545 0.0181108714622059 0.00283598438790594 0.00743466785621352 0.0112217702342545 0.015841046414266 0.0108113952105519 0.0182057246889855 0.0388229939221934
"achtung" 0.0114359775854839 0.0109247828699405 0.00599425813168439 0 0.00806289054626083 0.00257658911133442 0.00225300071532773 0.0230502000428075 0.00921694926069432 0.0130106687483737 0.00467573759760602 0.0271560795673131 0.0432455808422077 0.0323657327804187 0.0361455460654904
"jugend" 0.00381199252849464 0.00546239143497023 0.0151433889642553 0.041642375281086 0.0120943358193913 0.0128829455566721 0.00901200286131091 0.00823221430100268 0.0198518907153416 0.030977782734223 0.0289895731051573 0.0181040530448754 0.0144151936140692 0.0141600080914332 0.0214195828536239
"verloren" 0.0266839476994625 0.0109247828699405 0.0236615452566489 0.0666278004497377 0.0241886716387825 0.00772976733400325 0.0197137562591176 0.0181108714622059 0.0287143419275477 0.0328364496982764 0.0112217702342545 0.0248930729367037 0.0126132944123106 0.0262971578840902 0.013387239283515
"begreifen" 0 0.00273119571748511 0.00283938543079787 0.00832847505621721 0.00403144527313042 0.00257658911133442 0.00112650035766386 0.00658577144080215 0.00957144730918256 0.00867377916558244 0.0112217702342545 0.00226300663060943 0 0.0323657327804187 0.00535489571340598
"nein" 0.0914878206838715 0.11744141585186 0.0268164179575354 0.041642375281086 0.0282201169119129 0.00257658911133442 0.0281625089415966 0.0329288572040107 0.0308413302184771 0.00929333482026691 0.00467573759760602 0.0271560795673131 0.0198208912193452 0 0.0950493989129562
"fürchte" 0 0 0.00378584724106382 0 0 0 0.000563250178831932 0.00987865716120322 0.00425397658185892 0 0.00187029503904241 0.0135780397836566 0.00720759680703461 0.00404571659755234 0.010709791426812
"anteil" 0 0.00546239143497023 0.00378584724106382 0 0 0 0.00225300071532773 0.00823221430100268 0.0049629726788354 0.0173475583311649 0.0168326553513817 0.0226300663060943 0.0180189920175865 0 0.0013387239283515
"ganzes" 0.0152479701139786 0.0109247828699405 0.00757169448212765 0.0249854251686516 0.0403144527313042 0.0128829455566721 0.0135180042919664 0.0246966429030081 0.00531747072732365 0.0154888913671115 0.0205732454294665 0.0135780397836566 0.0144151936140692 0.0222514412865379 0.0281132024953814
"ersten" 0.0266839476994625 0.0409679357622767 0.0406978578414361 0.0666278004497377 0.0564402338238258 0.0334956584473474 0.0602677691350167 0.0312824143438102 0.05246571117626 0.0836400133824021 0.106606817225417 0.0724162121795017 0.0504531776492423 0.0606857489632851 0.0602425767758173
"ahndung" 0 0 0 0.00832847505621721 0 0.00257658911133442 0 0 0.00141799219395297 0 0.0112217702342545 0 0.00360379840351731 0 0
"lebt" 0.00762398505698929 0.0109247828699405 0.0258699561472695 0.0582993253935204 0.00403144527313042 0.00515317822266883 0.00337950107299159 0 0.00319048243639419 0.00433688958279122 0.00280544255856361 0.00678901989182828 0.00720759680703461 0.012137149792657 0.0147259632118664
"trennen" 0.0152479701139786 0.00819358715245535 0.00283938543079787 0 0.00403144527313042 0 0.00281625089415966 0.00493932858060161 0.00567196877581189 0.00371733392810676 0.00561088511712723 0 0.00360379840351731 0.0101142914938809 0.0160646871402179
"vertrauen" 0 0.0163871743049107 0.00126194908035461 0.00832847505621721 0.00403144527313042 0 0.0016897505364958 0.00823221430100268 0.00567196877581189 0.0130106687483737 0.0168326553513817 0.0248930729367037 0.0198208912193452 0.00404571659755234 0.00803234357010897
"kloster" 0 0 0.00126194908035461 0 0 0.00257658911133442 0.000563250178831932 0.00329288572040107 0.00921694926069432 0 0 0 0 0.00202285829877617 0.0013387239283515
"umgang" 0 0 0.00189292362053191 0 0.00403144527313042 0.00515317822266883 0.00112650035766386 0.00164644286020054 0.00177249024244122 0.0142497800577426 0.00841632767569084 0.031682092828532 0.0234246896228625 0.0222514412865379 0.00267744785670299
"streben" 0 0 0 0 0 0 0 0.00164644286020054 0 0.00123911130936892 0.00187029503904241 0 0 0.0101142914938809 0.00401617178505449
"traurige" 0.00381199252849464 0 0.00220841089062056 0 0 0 0.0016897505364958 0.0131715428816043 0.0024814863394177 0.00185866696405338 0 0.00678901989182828 0.00900949600879327 0 0.0013387239283515
"zuerst" 0 0.0136559785874256 0.00473230905132978 0 0.00403144527313042 0.0103063564453377 0.0112650035766386 0.00987865716120322 0.0148889180365062 0.00433688958279122 0.00280544255856361 0.00678901989182828 0.00900949600879327 0.0141600080914332 0.0160646871402179
"ihrer" 0.0495559028704304 0.1283661987218 0.0668833012587942 0.158241026068127 0.124974803467043 0.0541083713380227 0.0889935282554452 0.105372343052834 0.196037420813998 0.225518258305144 0.204797306775144 0.294190861979226 0.365785537957007 0.165874380499646 0.358778012798201
"eigenen" 0.00381199252849464 0.0163871743049107 0.00820266902230495 0 0.0322515621850433 0.0438020148926851 0.00337950107299159 0.0345753000642113 0.0333228165578948 0.0284995601154852 0.045822228456539 0.0135780397836566 0.00720759680703461 0.0343885910791949 0.00535489571340598
"tochter" 0.00762398505698929 0.0436991314797618 0.0552102722655141 0.0166569501124344 0 0 0.0180240057226218 0.00329288572040107 0.0148889180365062 0.00805422351089798 0.0317950156637209 0.0543121591346263 0.0432455808422077 0.0364114493779711 0.101743018554714
"graf" 0 0 0.0832886393034041 0 0.0120943358193913 0 0.00957525304014284 0.00164644286020054 0.00283598438790594 0 0 0.0203670596754848 0.0684721696668288 0.0283200161828664 0
"lieben" 0.0152479701139786 0.0573551100671874 0.0842351011136701 0.0582993253935204 0.0645031243700867 0.0154595346680065 0.0236565075109411 0.0296359714836097 0.0212698829092946 0.0223040035686406 0.00841632767569084 0.0362081060897508 0.0432455808422077 0.0323657327804187 0.0776459878443867
"unglückliche" 0 0.0191183700223958 0.00410133451115248 0 0 0 0.00225300071532773 0.0115251000214038 0.00425397658185892 0.00185866696405338 0.000935147519521204 0.0181040530448754 0.00720759680703461 0.00404571659755234 0.0120485153551635
"kennt" 0.0152479701139786 0.00273119571748511 0.0116730289932801 0 0.00806289054626083 0.00515317822266883 0.00563250178831932 0.00658577144080215 0.00425397658185892 0.00371733392810676 0 0.00452601326121886 0.00360379840351731 0.00202285829877617 0.010709791426812
"aufmerksam" 0 0.0109247828699405 0.000946461810265956 0 0 0.0128829455566721 0.00450600143065545 0.00164644286020054 0.0024814863394177 0.0061955565468446 0.00280544255856361 0.0113150331530471 0.00900949600879327 0.00404571659755234 0.010709791426812
"dicht" 0.00381199252849464 0 0.00536328359150708 0 0.00806289054626083 0.0257658911133442 0.00450600143065545 0.00164644286020054 0.00106349414546473 0.00061955565468446 0.00374059007808482 0 0 0.00404571659755234 0.0013387239283515
"fehlte" 0.00381199252849464 0 0.00410133451115248 0 0 0.0128829455566721 0.00225300071532773 0.00658577144080215 0.00425397658185892 0.0061955565468446 0.0121569177537757 0.00678901989182828 0.00900949600879327 0.0364114493779711 0.00401617178505449
"ida" 0 0 0 0 0 0 0 0 0.000354498048488243 0 0 0 0 0 0
"wählen" 0.00381199252849464 0.00273119571748511 0.00315487270088652 0 0 0.00515317822266883 0.00112650035766386 0.00329288572040107 0.00425397658185892 0.00061955565468446 0.000935147519521204 0.00905202652243771 0.00720759680703461 0.00202285829877617 0.00401617178505449
"wohnung" 0 0.00819358715245535 0.00252389816070922 0 0 0.0128829455566721 0.0016897505364958 0.067504157268222 0.0113439375516238 0.00557600089216014 0.0112217702342545 0.00226300663060943 0.00540569760527596 0.00404571659755234 0.0120485153551635
"bestimmung" 0 0.00273119571748511 0.000946461810265956 0 0.0161257810925217 0 0.000563250178831932 0 0.00460847463034716 0.0123911130936892 0.00935147519521204 0.00905202652243771 0.00900949600879327 0.0141600080914332 0.010709791426812
"bleibt" 0.0114359775854839 0.0136559785874256 0.0211376470959397 0.00832847505621721 0.0161257810925217 0.0334956584473474 0.0118282537554706 0.00658577144080215 0.0120529336486003 0.0105324461296358 0.00654603263664843 0.00905202652243771 0.0126132944123106 0.0262971578840902 0.0334680982087874
"erheben" 0 0 0.000630974540177304 0 0.00403144527313042 0.0128829455566721 0.00281625089415966 0.00329288572040107 0.00602646682430013 0.0061955565468446 0.00654603263664843 0.0113150331530471 0 0.00809143319510468 0.00803234357010897
"schonung" 0 0.00273119571748511 0.000315487270088652 0 0 0 0.00225300071532773 0 0.00177249024244122 0 0.000935147519521204 0 0 0.00606857489632851 0.0013387239283515
"dachte" 0.221095566652689 0.0518927186322172 0.0343881124396631 0.0499708503373032 0.0120943358193913 0.0103063564453377 0.0315420100145882 0.0263430857632086 0.0372222950912655 0.0266408931514318 0.0187029503904241 0.0203670596754848 0.0342360848334144 0.0141600080914332 0.0334680982087874
"nahe" 0.0114359775854839 0.0191183700223958 0.0246080070669148 0.0249854251686516 0 0.0386488366700162 0.0219667569744453 0.0164644286020054 0.0134709258425532 0.00929333482026691 0.0252489830270725 0.0226300663060943 0.0198208912193452 0.00606857489632851 0.00937106749846047
"junge" 0.0724278580413982 0.120172611569345 0.0337571378994858 0.0333139002248688 0.0403144527313042 0.0128829455566721 0.00675900214598318 0.0230502000428075 0.0170159063274357 0.0179671139858493 0.0121569177537757 0.0226300663060943 0.0432455808422077 0.0161828663902094 0.0254357546386784
"sehen" 0.202035604010216 0.101054241546949 0.110420544531028 0 0.0765974601894779 0.0566849604493571 0.0636472702080083 0.0922008001712301 0.0645186448248602 0.112759129152572 0.0841632767569084 0.133517391205956 0.162170928158279 0.0404571659755234 0.14324346033361
"leider" 0 0.00819358715245535 0.00567877086159573 0 0.0120943358193913 0.0206127128906753 0.0191505060802857 0 0.0127619297455768 0 0.00280544255856361 0 0 0 0.00267744785670299
"meinem" 0.137231731025807 0.0573551100671874 0.0801337666025176 0.0832847505621721 0.108849022374521 0.0644147277833604 0.0399907626970672 0.171230057460856 0.183984487165398 0.0396515618998055 0.115023144901108 0.171988503926317 0.117123448114312 0.0910286234449277 0.109775362124823
"fassung" 0 0.00819358715245535 0.00946461810265956 0 0.00403144527313042 0 0.0016897505364958 0.00493932858060161 0.00850795316371783 0.00247822261873784 0.00187029503904241 0 0.00900949600879327 0 0.00267744785670299
"faßte" 0.0457439103419357 0.0136559785874256 0.00378584724106382 0.0166569501124344 0.00403144527313042 0.00515317822266883 0.00337950107299159 0.00987865716120322 0.011698435600112 0.00867377916558244 0.00280544255856361 0.0113150331530471 0.0216227904211038 0.0161828663902094 0.00401617178505449
"indeß" 0.0228719551709679 0 0.00252389816070922 0 0 0.0798742624513669 0 0 0.0294233380245242 0 0.000935147519521204 0 0 0.00606857489632851 0.0334680982087874
"sorgen" 0.00762398505698929 0.0218495657398809 0.00410133451115248 0.00832847505621721 0 0 0.00337950107299159 0.0230502000428075 0.00957144730918256 0.00929333482026691 0.00374059007808482 0.0271560795673131 0.0288303872281385 0.00606857489632851 0.00803234357010897
"suchen" 0.00762398505698929 0.0109247828699405 0.00883364356248225 0.00832847505621721 0.0120943358193913 0.0154595346680065 0.00901200286131091 0.0329288572040107 0.0120529336486003 0.00929333482026691 0.00748118015616964 0.0407341193509697 0.0378398832369317 0.00606857489632851 0.0388229939221934
"all" 0 0.00273119571748511 0.0141969271539893 0.0333139002248688 0.0604716790969563 0.00772976733400325 0.00563250178831932 0.0115251000214038 0.000354498048488243 0.00061955565468446 0 0.00226300663060943 0.00360379840351731 0.00606857489632851 0.0013387239283515
"gewohnt" 0 0.00273119571748511 0.0110420544531028 0.00832847505621721 0.00403144527313042 0.00257658911133442 0.00394275125182352 0.00164644286020054 0.00638096487278838 0.0210648922592717 0.00654603263664843 0.00678901989182828 0.00180189920175865 0.00404571659755234 0.0160646871402179
"edlen" 0 0.00546239143497023 0.00441682178124113 0 0.0161257810925217 0.00257658911133442 0.00112650035766386 0.00164644286020054 0.00141799219395297 0.00123911130936892 0.00467573759760602 0.0429971259815791 0.0144151936140692 0.0101142914938809 0.0120485153551635
"spur" 0 0.00273119571748511 0.000946461810265956 0.00832847505621721 0 0.00257658911133442 0.00112650035766386 0.00329288572040107 0.011698435600112 0.00247822261873784 0.00280544255856361 0.00226300663060943 0.00180189920175865 0.0101142914938809 0.00401617178505449
"dennoch" 0.0457439103419357 0.0628175015021576 0.00283938543079787 0 0.0403144527313042 0 0.00112650035766386 0.00164644286020054 0.0106349414546473 0.00743466785621352 0.00654603263664843 0.0248930729367037 0.0216227904211038 0.0101142914938809 0.00267744785670299
"besorgniß" 0 0 0 0 0 0 0 0 0.0024814863394177 0 0.000935147519521204 0 0 0 0.00267744785670299
"traurigen" 0 0.00273119571748511 0.00157743635044326 0.00832847505621721 0.00403144527313042 0 0.00281625089415966 0.0197573143224064 0.00531747072732365 0.00185866696405338 0.000935147519521204 0.015841046414266 0.00360379840351731 0.00404571659755234 0.00267744785670299
"dulden" 0 0.00546239143497023 0.000315487270088652 0 0 0.00772976733400325 0.0016897505364958 0.00329288572040107 0.000354498048488243 0.00061955565468446 0.00280544255856361 0.00905202652243771 0 0 0
"erkannte" 0.0190599626424732 0.0136559785874256 0.00126194908035461 0.00832847505621721 0 0.0103063564453377 0 0.0345753000642113 0.00319048243639419 0.00991289047495137 0.00374059007808482 0.00226300663060943 0 0 0.013387239283515
"las" 0 0.0218495657398809 0.00757169448212765 0 0.00403144527313042 0.0103063564453377 0.00563250178831932 0.00329288572040107 0.0138254238910415 0.00061955565468446 0.00467573759760602 0.00678901989182828 0.00360379840351731 0.00606857489632851 0.0187421349969209
"unterredung" 0 0 0.00662523267186169 0 0.00403144527313042 0.00257658911133442 0.000563250178831932 0.0115251000214038 0.00212698829092946 0.00805422351089798 0.0149623603123393 0.0113150331530471 0.0252265888246212 0.0101142914938809 0.00803234357010897
"herzog" 0 0 0.00567877086159573 0 0 0 0.0016897505364958 0.00329288572040107 0.00212698829092946 0 0 0 0 0.0283200161828664 0
"freundinn" 0 0 0 0 0 0 0 0 0 0 0 0 0 0 0.0763072639160352
"kampf" 0 0 0.00347035997097517 0.0166569501124344 0.00403144527313042 0.00257658911133442 0 0.00164644286020054 0.00141799219395297 0.00185866696405338 0.00280544255856361 0.00452601326121886 0 0.00809143319510468 0.00267744785670299
"geräusch" 0.00381199252849464 0.00273119571748511 0.000630974540177304 0 0 0.00257658911133442 0.00112650035766386 0.00987865716120322 0.00531747072732365 0.00061955565468446 0.000935147519521204 0 0.00540569760527596 0.00202285829877617 0.00401617178505449
"entdecken" 0.0114359775854839 0 0.00599425813168439 0 0.00403144527313042 0 0.00112650035766386 0.00658577144080215 0.00673546292127662 0.0192062252952183 0.0102866227147332 0.00452601326121886 0.00720759680703461 0.00404571659755234 0.00937106749846047
"ueberlegung" 0 0 0.000315487270088652 0 0 0 0 0 0.0024814863394177 0 0.000935147519521204 0 0 0 0
"mußten" 0.0152479701139786 0.00273119571748511 0.00504779632141843 0 0.00403144527313042 0.00772976733400325 0.00619575196715125 0.0131715428816043 0.00850795316371783 0.0130106687483737 0.0196380979099453 0.0203670596754848 0.00720759680703461 0.0182057246889855 0.00401617178505449
"gräfinn" 0 0 0 0 0 0 0 0 0 0 0 0 0 0 0
"liebte" 0.0304959402279572 0.0191183700223958 0.0104110799129255 0.0166569501124344 0.00403144527313042 0.00515317822266883 0.00450600143065545 0.0131715428816043 0.00106349414546473 0.0185866696405338 0.00467573759760602 0.0339450994591414 0.0216227904211038 0.0161828663902094 0.0307906503520844
"verborgen" 0 0.00273119571748511 0.00473230905132978 0 0.00403144527313042 0.00772976733400325 0 0.00493932858060161 0.00283598438790594 0.0061955565468446 0.00561088511712723 0.00905202652243771 0.00360379840351731 0.00202285829877617 0.0013387239283515
"baron" 0.00381199252849464 0.133828590156771 0.000630974540177304 0 0 0 0.000563250178831932 0 0.00673546292127662 0 0 0 0.0774816656756221 0 0.00937106749846047
"blickte" 0 0.0300431528923363 0.00315487270088652 0.00832847505621721 0.00403144527313042 0.0206127128906753 0.0107017533978067 0 0.0187883965698769 0 0 0 0.00360379840351731 0 0.0254357546386784
"völlig" 0.0419319178134411 0.0136559785874256 0.0138814398839007 0 0.00403144527313042 0.0103063564453377 0.00675900214598318 0.0115251000214038 0.00212698829092946 0.0061955565468446 0.00935147519521204 0.0135780397836566 0.00540569760527596 0 0.00267744785670299
"genug" 0.0381199252849464 0.0300431528923363 0.0220841089062056 0.0333139002248688 0.0362830074581738 0.0515317822266883 0.0428070135912268 0.0329288572040107 0.075862582376484 0.117715574390047 0.086968719315472 0.0678901989182828 0.0450474800439663 0.0768686153534945 0.0294519264237329
"mädchens" 0 0.0300431528923363 0.000946461810265956 0.00832847505621721 0.0120943358193913 0 0 0.00823221430100268 0.00886245121220608 0.00061955565468446 0.000935147519521204 0.015841046414266 0.0126132944123106 0.00202285829877617 0.00267744785670299
"bestimmten" 0 0.00273119571748511 0.00157743635044326 0 0.00403144527313042 0.00515317822266883 0.000563250178831932 0.00164644286020054 0.000708996096976486 0.00247822261873784 0.00654603263664843 0 0 0.0101142914938809 0.00267744785670299
"wehmut" 0.0190599626424732 0.0327743486098214 0.000946461810265956 0 0.00403144527313042 0 0.00281625089415966 0 0.0049629726788354 0.00247822261873784 0 0 0.00360379840351731 0.00202285829877617 0.00937106749846047
"kranken" 0 0.00546239143497023 0.00378584724106382 0 0.00403144527313042 0.00772976733400325 0.0129547541131344 0 0.010280443406159 0.00061955565468446 0.000935147519521204 0.00678901989182828 0.00180189920175865 0 0
"bekannt" 0.00762398505698929 0.0273119571748511 0.0189292362053191 0.00832847505621721 0.0161257810925217 0.00257658911133442 0.0140812544707983 0.00493932858060161 0.0202063887638299 0.022923559223325 0.0327301631832422 0.015841046414266 0.0108113952105519 0.0101142914938809 0.0227583067819754
"unwillen" 0 0 0.00157743635044326 0 0.00403144527313042 0 0.0016897505364958 0.00329288572040107 0.000708996096976486 0.00495644523747568 0.00374059007808482 0 0 0.00809143319510468 0.00267744785670299
